 1.5915e+07(-0.0000e+00) 2.1219e-04(0.0000e+00) 2.1219e-02(-0.0000e+00)
 7.0736e-06(-1.0610e+01) 2.1219e-04(2.1214e-05) 2.1219e-02(-4.2433e-07)
 1.7684e-06(-5.3052e+00) 2.1219e-04(4.2429e-05) 2.1219e-02(-8.4866e-07)
 7.8595e-07(-3.5368e+00) 2.1219e-04(6.3643e-05) 2.1219e-02(-1.2730e-06)
 4.4210e-07(-2.6526e+00) 2.1220e-04(8.4859e-05) 2.1219e-02(-1.6974e-06)
 2.8294e-07(-2.1221e+00) 2.1220e-04(1.0607e-04) 2.1219e-02(-2.1217e-06)
 1.9649e-07(-1.7684e+00) 2.1221e-04(1.2729e-04) 2.1219e-02(-2.5462e-06)
 1.4436e-07(-1.5158e+00) 2.1222e-04(1.4851e-04) 2.1220e-02(-2.9706e-06)
 1.1052e-07(-1.3263e+00) 2.1223e-04(1.6973e-04) 2.1220e-02(-3.3951e-06)
 8.7328e-08(-1.1789e+00) 2.1224e-04(1.9094e-04) 2.1220e-02(-3.8196e-06)
 7.0736e-08(-1.0610e+00) 2.1225e-04(2.1216e-04) 2.1221e-02(-4.2441e-06)
 5.8459e-08(-9.6458e-01) 2.1226e-04(2.3339e-04) 2.1221e-02(-4.6687e-06)
 4.9122e-08(-8.8419e-01) 2.1228e-04(2.5461e-04) 2.1222e-02(-5.0934e-06)
 4.1855e-08(-8.1618e-01) 2.1229e-04(2.7583e-04) 2.1222e-02(-5.5181e-06)
 3.6090e-08(-7.5788e-01) 2.1231e-04(2.9706e-04) 2.1223e-02(-5.9429e-06)
 3.1438e-08(-7.0736e-01) 2.1233e-04(3.1829e-04) 2.1223e-02(-6.3678e-06)
 2.7631e-08(-6.6315e-01) 2.1235e-04(3.3952e-04) 2.1224e-02(-6.7927e-06)
 2.4476e-08(-6.2414e-01) 2.1237e-04(3.6075e-04) 2.1225e-02(-7.2178e-06)
 2.1832e-08(-5.8946e-01) 2.1239e-04(3.8198e-04) 2.1225e-02(-7.6429e-06)
 1.9594e-08(-5.5844e-01) 2.1242e-04(4.0322e-04) 2.1226e-02(-8.0681e-06)
 1.7684e-08(-5.3052e-01) 2.1244e-04(4.2446e-04) 2.1227e-02(-8.4934e-06)
 1.6040e-08(-5.0525e-01) 2.1247e-04(4.4570e-04) 2.1228e-02(-8.9188e-06)
 1.4615e-08(-4.8229e-01) 2.1249e-04(4.6694e-04) 2.1229e-02(-9.3443e-06)
 1.3372e-08(-4.6132e-01) 2.1252e-04(4.8819e-04) 2.1230e-02(-9.7699e-06)
 1.2280e-08(-4.4210e-01) 2.1255e-04(5.0944e-04) 2.1231e-02(-1.0196e-05)
 1.1318e-08(-4.2441e-01) 2.1258e-04(5.3069e-04) 2.1232e-02(-1.0621e-05)
 1.0464e-08(-4.0809e-01) 2.1262e-04(5.5194e-04) 2.1233e-02(-1.1047e-05)
 9.7031e-09(-3.9298e-01) 2.1265e-04(5.7320e-04) 2.1234e-02(-1.1474e-05)
 9.0224e-09(-3.7894e-01) 2.1268e-04(5.9447e-04) 2.1235e-02(-1.1900e-05)
 8.4109e-09(-3.6587e-01) 2.1272e-04(6.1573e-04) 2.1236e-02(-1.2326e-05)
 7.8595e-09(-3.5368e-01) 2.1276e-04(6.3700e-04) 2.1238e-02(-1.2753e-05)
 7.3606e-09(-3.4227e-01) 2.1280e-04(6.5828e-04) 2.1239e-02(-1.3179e-05)
 6.9078e-09(-3.3157e-01) 2.1284e-04(6.7955e-04) 2.1240e-02(-1.3606e-05)
 6.4955e-09(-3.2153e-01) 2.1288e-04(7.0083e-04) 2.1242e-02(-1.4033e-05)
 6.1190e-09(-3.1207e-01) 2.1292e-04(7.2212e-04) 2.1243e-02(-1.4461e-05)
 5.7743e-09(-3.0315e-01) 2.1297e-04(7.4341e-04) 2.1245e-02(-1.4888e-05)
 5.4580e-09(-2.9473e-01) 2.1301e-04(7.6470e-04) 2.1246e-02(-1.5315e-05)
 5.1669e-09(-2.8677e-01) 2.1306e-04(7.8600e-04) 2.1248e-02(-1.5743e-05)
 4.8986e-09(-2.7922e-01) 2.1311e-04(8.0731e-04) 2.1249e-02(-1.6171e-05)
 4.6506e-09(-2.7206e-01) 2.1316e-04(8.2862e-04) 2.1251e-02(-1.6599e-05)
 4.4210e-09(-2.6526e-01) 2.1321e-04(8.4993e-04) 2.1253e-02(-1.7028e-05)
 4.2079e-09(-2.5879e-01) 2.1326e-04(8.7125e-04) 2.1254e-02(-1.7456e-05)
 4.0100e-09(-2.5263e-01) 2.1331e-04(8.9257e-04) 2.1256e-02(-1.7885e-05)
 3.8256e-09(-2.4675e-01) 2.1337e-04(9.1390e-04) 2.1258e-02(-1.8314e-05)
 3.6537e-09(-2.4114e-01) 2.1342e-04(9.3524e-04) 2.1260e-02(-1.8743e-05)
 3.4931e-09(-2.3579e-01) 2.1348e-04(9.5658e-04) 2.1262e-02(-1.9172e-05)
 3.3429e-09(-2.3066e-01) 2.1354e-04(9.7793e-04) 2.1264e-02(-1.9602e-05)
 3.2022e-09(-2.2575e-01) 2.1360e-04(9.9928e-04) 2.1265e-02(-2.0032e-05)
 3.0701e-09(-2.2105e-01) 2.1366e-04(1.0206e-03) 2.1268e-02(-2.0462e-05)
 2.9461e-09(-2.1654e-01) 2.1372e-04(1.0420e-03) 2.1270e-02(-2.0892e-05)
 2.8294e-09(-2.1221e-01) 2.1378e-04(1.0634e-03) 2.1272e-02(-2.1323e-05)
 2.7196e-09(-2.0805e-01) 2.1385e-04(1.0847e-03) 2.1274e-02(-2.1754e-05)
 2.6160e-09(-2.0404e-01) 2.1391e-04(1.1061e-03) 2.1276e-02(-2.2185e-05)
 2.5182e-09(-2.0019e-01) 2.1398e-04(1.1275e-03) 2.1278e-02(-2.2616e-05)
 2.4258e-09(-1.9649e-01) 2.1405e-04(1.1489e-03) 2.1281e-02(-2.3048e-05)
 2.3384e-09(-1.9292e-01) 2.1412e-04(1.1703e-03) 2.1283e-02(-2.3480e-05)
 2.2556e-09(-1.8947e-01) 2.1419e-04(1.1917e-03) 2.1285e-02(-2.3912e-05)
 2.1771e-09(-1.8615e-01) 2.1426e-04(1.2132e-03) 2.1288e-02(-2.4345e-05)
 2.1027e-09(-1.8294e-01) 2.1434e-04(1.2346e-03) 2.1290e-02(-2.4777e-05)
 2.0320e-09(-1.7984e-01) 2.1441e-04(1.2560e-03) 2.1293e-02(-2.5211e-05)
 1.9649e-09(-1.7684e-01) 2.1449e-04(1.2775e-03) 2.1295e-02(-2.5644e-05)
 1.9010e-09(-1.7394e-01) 2.1457e-04(1.2989e-03) 2.1298e-02(-2.6078e-05)
 1.8402e-09(-1.7113e-01) 2.1465e-04(1.3204e-03) 2.1300e-02(-2.6512e-05)
 1.7822e-09(-1.6842e-01) 2.1473e-04(1.3418e-03) 2.1303e-02(-2.6946e-05)
 1.7269e-09(-1.6579e-01) 2.1481e-04(1.3633e-03) 2.1306e-02(-2.7381e-05)
 1.6742e-09(-1.6324e-01) 2.1489e-04(1.3848e-03) 2.1309e-02(-2.7816e-05)
 1.6239e-09(-1.6076e-01) 2.1498e-04(1.4063e-03) 2.1311e-02(-2.8251e-05)
 1.5758e-09(-1.5836e-01) 2.1506e-04(1.4278e-03) 2.1314e-02(-2.8687e-05)
 1.5297e-09(-1.5603e-01) 2.1515e-04(1.4493e-03) 2.1317e-02(-2.9123e-05)
 1.4857e-09(-1.5377e-01) 2.1524e-04(1.4708e-03) 2.1320e-02(-2.9559e-05)
 1.4436e-09(-1.5158e-01) 2.1533e-04(1.4923e-03) 2.1323e-02(-2.9996e-05)
 1.4032e-09(-1.4944e-01) 2.1542e-04(1.5138e-03) 2.1326e-02(-3.0433e-05)
 1.3645e-09(-1.4737e-01) 2.1551e-04(1.5354e-03) 2.1329e-02(-3.0871e-05)
 1.3274e-09(-1.4535e-01) 2.1561e-04(1.5569e-03) 2.1332e-02(-3.1309e-05)
 1.2917e-09(-1.4338e-01) 2.1570e-04(1.5785e-03) 2.1335e-02(-3.1747e-05)
 1.2575e-09(-1.4147e-01) 2.1580e-04(1.6001e-03) 2.1339e-02(-3.2186e-05)
 1.2246e-09(-1.3961e-01) 2.1590e-04(1.6216e-03) 2.1342e-02(-3.2625e-05)
 1.1930e-09(-1.3780e-01) 2.1600e-04(1.6432e-03) 2.1345e-02(-3.3064e-05)
 1.1626e-09(-1.3603e-01) 2.1610e-04(1.6648e-03) 2.1348e-02(-3.3504e-05)
 1.1334e-09(-1.3431e-01) 2.1620e-04(1.6864e-03) 2.1352e-02(-3.3944e-05)
 1.1052e-09(-1.3263e-01) 2.1630e-04(1.7081e-03) 2.1355e-02(-3.4385e-05)
 1.0781e-09(-1.3099e-01) 2.1641e-04(1.7297e-03) 2.1359e-02(-3.4826e-05)
 1.0520e-09(-1.2939e-01) 2.1651e-04(1.7513e-03) 2.1362e-02(-3.5267e-05)
 1.0268e-09(-1.2784e-01) 2.1662e-04(1.7730e-03) 2.1366e-02(-3.5709e-05)
 1.0025e-09(-1.2631e-01) 2.1673e-04(1.7947e-03) 2.1369e-02(-3.6152e-05)
 9.7904e-10(-1.2483e-01) 2.1684e-04(1.8163e-03) 2.1373e-02(-3.6595e-05)
 9.5640e-10(-1.2338e-01) 2.1695e-04(1.8380e-03) 2.1377e-02(-3.7038e-05)
 9.3454e-10(-1.2196e-01) 2.1706e-04(1.8597e-03) 2.1380e-02(-3.7482e-05)
 9.1342e-10(-1.2057e-01) 2.1718e-04(1.8814e-03) 2.1384e-02(-3.7926e-05)
 8.9301e-10(-1.1922e-01) 2.1729e-04(1.9031e-03) 2.1388e-02(-3.8370e-05)
 8.7328e-10(-1.1789e-01) 2.1741e-04(1.9249e-03) 2.1392e-02(-3.8816e-05)
 8.5419e-10(-1.1660e-01) 2.1753e-04(1.9466e-03) 2.1396e-02(-3.9261e-05)
 8.3572e-10(-1.1533e-01) 2.1765e-04(1.9684e-03) 2.1400e-02(-3.9707e-05)
 8.1785e-10(-1.1409e-01) 2.1777e-04(1.9901e-03) 2.1404e-02(-4.0154e-05)
 8.0054e-10(-1.1288e-01) 2.1789e-04(2.0119e-03) 2.1408e-02(-4.0601e-05)
 7.8377e-10(-1.1169e-01) 2.1802e-04(2.0337e-03) 2.1412e-02(-4.1049e-05)
 7.6753e-10(-1.1052e-01) 2.1814e-04(2.0555e-03) 2.1416e-02(-4.1497e-05)
 7.5179e-10(-1.0938e-01) 2.1827e-04(2.0773e-03) 2.1420e-02(-4.1945e-05)
 7.3652e-10(-1.0827e-01) 2.1840e-04(2.0991e-03) 2.1424e-02(-4.2394e-05)
 7.2172e-10(-1.0718e-01) 2.1853e-04(2.1210e-03) 2.1428e-02(-4.2844e-05)
 7.0736e-10(-1.0610e-01) 2.1866e-04(2.1428e-03) 2.1433e-02(-4.3294e-05)
 6.9342e-10(-1.0505e-01) 2.1879e-04(2.1647e-03) 2.1437e-02(-4.3745e-05)
 6.7989e-10(-1.0402e-01) 2.1892e-04(2.1866e-03) 2.1442e-02(-4.4196e-05)
 6.6675e-10(-1.0301e-01) 2.1906e-04(2.2085e-03) 2.1446e-02(-4.4648e-05)
 6.5399e-10(-1.0202e-01) 2.1919e-04(2.2304e-03) 2.1450e-02(-4.5100e-05)
 6.4159e-10(-1.0105e-01) 2.1933e-04(2.2523e-03) 2.1455e-02(-4.5553e-05)
 6.2954e-10(-1.0010e-01) 2.1947e-04(2.2743e-03) 2.1460e-02(-4.6007e-05)
 6.1783e-10(-9.9162e-02) 2.1961e-04(2.2962e-03) 2.1464e-02(-4.6461e-05)
 6.0644e-10(-9.8244e-02) 2.1976e-04(2.3182e-03) 2.1469e-02(-4.6915e-05)
 5.9537e-10(-9.7342e-02) 2.1990e-04(2.3401e-03) 2.1474e-02(-4.7370e-05)
 5.8459e-10(-9.6458e-02) 2.2004e-04(2.3621e-03) 2.1478e-02(-4.7826e-05)
 5.7411e-10(-9.5589e-02) 2.2019e-04(2.3841e-03) 2.1483e-02(-4.8283e-05)
 5.6390e-10(-9.4735e-02) 2.2034e-04(2.4062e-03) 2.1488e-02(-4.8740e-05)
 5.5396e-10(-9.3897e-02) 2.2049e-04(2.4282e-03) 2.1493e-02(-4.9197e-05)
 5.4429e-10(-9.3073e-02) 2.2064e-04(2.4503e-03) 2.1498e-02(-4.9655e-05)
 5.3486e-10(-9.2264e-02) 2.2079e-04(2.4723e-03) 2.1503e-02(-5.0114e-05)
 5.2568e-10(-9.1468e-02) 2.2094e-04(2.4944e-03) 2.1508e-02(-5.0574e-05)
 5.1673e-10(-9.0687e-02) 2.2110e-04(2.5165e-03) 2.1513e-02(-5.1034e-05)
 5.0801e-10(-8.9918e-02) 2.2126e-04(2.5386e-03) 2.1518e-02(-5.1494e-05)
 4.9951e-10(-8.9162e-02) 2.2141e-04(2.5607e-03) 2.1523e-02(-5.1956e-05)
 4.9122e-10(-8.8419e-02) 2.2157e-04(2.5829e-03) 2.1528e-02(-5.2418e-05)
 4.8313e-10(-8.7689e-02) 2.2174e-04(2.6050e-03) 2.1534e-02(-5.2880e-05)
 4.7525e-10(-8.6970e-02) 2.2190e-04(2.6272e-03) 2.1539e-02(-5.3344e-05)
 4.6755e-10(-8.6263e-02) 2.2206e-04(2.6494e-03) 2.1544e-02(-5.3808e-05)
 4.6004e-10(-8.5567e-02) 2.2223e-04(2.6716e-03) 2.1550e-02(-5.4272e-05)
 4.5271e-10(-8.4883e-02) 2.2239e-04(2.6938e-03) 2.1555e-02(-5.4738e-05)
 4.4555e-10(-8.4209e-02) 2.2256e-04(2.7161e-03) 2.1561e-02(-5.5204e-05)
 4.3856e-10(-8.3546e-02) 2.2273e-04(2.7384e-03) 2.1566e-02(-5.5670e-05)
 4.3174e-10(-8.2893e-02) 2.2290e-04(2.7606e-03) 2.1572e-02(-5.6138e-05)
 4.2507e-10(-8.2251e-02) 2.2308e-04(2.7829e-03) 2.1577e-02(-5.6606e-05)
 4.1855e-10(-8.1618e-02) 2.2325e-04(2.8052e-03) 2.1583e-02(-5.7075e-05)
 4.1219e-10(-8.0995e-02) 2.2343e-04(2.8276e-03) 2.1589e-02(-5.7545e-05)
 4.0597e-10(-8.0381e-02) 2.2360e-04(2.8499e-03) 2.1595e-02(-5.8015e-05)
 3.9988e-10(-7.9777e-02) 2.2378e-04(2.8723e-03) 2.1600e-02(-5.8486e-05)
 3.9394e-10(-7.9182e-02) 2.2396e-04(2.8947e-03) 2.1606e-02(-5.8958e-05)
 3.8812e-10(-7.8595e-02) 2.2415e-04(2.9171e-03) 2.1612e-02(-5.9430e-05)
 3.8244e-10(-7.8017e-02) 2.2433e-04(2.9395e-03) 2.1618e-02(-5.9903e-05)
 3.7687e-10(-7.7448e-02) 2.2451e-04(2.9619e-03) 2.1624e-02(-6.0377e-05)
 3.7143e-10(-7.6886e-02) 2.2470e-04(2.9844e-03) 2.1630e-02(-6.0852e-05)
 3.6611e-10(-7.6333e-02) 2.2489e-04(3.0068e-03) 2.1636e-02(-6.1328e-05)
 3.6090e-10(-7.5788e-02) 2.2508e-04(3.0293e-03) 2.1643e-02(-6.1804e-05)
 3.5579e-10(-7.5251e-02) 2.2527e-04(3.0518e-03) 2.1649e-02(-6.2281e-05)
 3.5080e-10(-7.4721e-02) 2.2546e-04(3.0744e-03) 2.1655e-02(-6.2759e-05)
 3.4591e-10(-7.4198e-02) 2.2566e-04(3.0969e-03) 2.1661e-02(-6.3238e-05)
 3.4112e-10(-7.3683e-02) 2.2585e-04(3.1195e-03) 2.1668e-02(-6.3718e-05)
 3.3644e-10(-7.3175e-02) 2.2605e-04(3.1421e-03) 2.1674e-02(-6.4198e-05)
 3.3184e-10(-7.2673e-02) 2.2625e-04(3.1647e-03) 2.1680e-02(-6.4679e-05)
 3.2734e-10(-7.2179e-02) 2.2645e-04(3.1873e-03) 2.1687e-02(-6.5161e-05)
 3.2293e-10(-7.1691e-02) 2.2665e-04(3.2100e-03) 2.1693e-02(-6.5644e-05)
 3.1861e-10(-7.1210e-02) 2.2685e-04(3.2326e-03) 2.1700e-02(-6.6128e-05)
 3.1438e-10(-7.0736e-02) 2.2706e-04(3.2553e-03) 2.1707e-02(-6.6612e-05)
 3.1023e-10(-7.0267e-02) 2.2727e-04(3.2780e-03) 2.1713e-02(-6.7098e-05)
 3.0616e-10(-6.9805e-02) 2.2747e-04(3.3008e-03) 2.1720e-02(-6.7584e-05)
 3.0217e-10(-6.9349e-02) 2.2768e-04(3.3235e-03) 2.1727e-02(-6.8071e-05)
 2.9826e-10(-6.8898e-02) 2.2790e-04(3.3463e-03) 2.1734e-02(-6.8559e-05)
 2.9442e-10(-6.8454e-02) 2.2811e-04(3.3691e-03) 2.1741e-02(-6.9048e-05)
 2.9066e-10(-6.8015e-02) 2.2832e-04(3.3919e-03) 2.1748e-02(-6.9538e-05)
 2.8697e-10(-6.7582e-02) 2.2854e-04(3.4148e-03) 2.1754e-02(-7.0028e-05)
 2.8335e-10(-6.7154e-02) 2.2876e-04(3.4376e-03) 2.1762e-02(-7.0520e-05)
 2.7980e-10(-6.6732e-02) 2.2898e-04(3.4605e-03) 2.1769e-02(-7.1012e-05)
 2.7631e-10(-6.6315e-02) 2.2920e-04(3.4834e-03) 2.1776e-02(-7.1506e-05)
 2.7289e-10(-6.5903e-02) 2.2942e-04(3.5063e-03) 2.1783e-02(-7.2000e-05)
 2.6953e-10(-6.5496e-02) 2.2965e-04(3.5293e-03) 2.1790e-02(-7.2495e-05)
 2.6623e-10(-6.5094e-02) 2.2987e-04(3.5522e-03) 2.1797e-02(-7.2991e-05)
 2.6300e-10(-6.4697e-02) 2.3010e-04(3.5752e-03) 2.1805e-02(-7.3489e-05)
 2.5982e-10(-6.4305e-02) 2.3033e-04(3.5983e-03) 2.1812e-02(-7.3987e-05)
 2.5670e-10(-6.3918e-02) 2.3056e-04(3.6213e-03) 2.1819e-02(-7.4486e-05)
 2.5363e-10(-6.3535e-02) 2.3079e-04(3.6444e-03) 2.1827e-02(-7.4986e-05)
 2.5062e-10(-6.3157e-02) 2.3103e-04(3.6674e-03) 2.1834e-02(-7.5487e-05)
 2.4766e-10(-6.2783e-02) 2.3126e-04(3.6905e-03) 2.1842e-02(-7.5989e-05)
 2.4476e-10(-6.2414e-02) 2.3150e-04(3.7137e-03) 2.1850e-02(-7.6492e-05)
 2.4191e-10(-6.2049e-02) 2.3174e-04(3.7368e-03) 2.1857e-02(-7.6996e-05)
 2.3910e-10(-6.1688e-02) 2.3198e-04(3.7600e-03) 2.1865e-02(-7.7501e-05)
 2.3634e-10(-6.1331e-02) 2.3222e-04(3.7832e-03) 2.1873e-02(-7.8007e-05)
 2.3364e-10(-6.0979e-02) 2.3247e-04(3.8064e-03) 2.1881e-02(-7.8514e-05)
 2.3097e-10(-6.0630e-02) 2.3271e-04(3.8297e-03) 2.1889e-02(-7.9022e-05)
 2.2836e-10(-6.0286e-02) 2.3296e-04(3.8530e-03) 2.1896e-02(-7.9531e-05)
 2.2578e-10(-5.9945e-02) 2.3321e-04(3.8763e-03) 2.1904e-02(-8.0041e-05)
 2.2325e-10(-5.9609e-02) 2.3346e-04(3.8996e-03) 2.1912e-02(-8.0553e-05)
 2.2077e-10(-5.9276e-02) 2.3372e-04(3.9230e-03) 2.1921e-02(-8.1065e-05)
 2.1832e-10(-5.8946e-02) 2.3397e-04(3.9463e-03) 2.1929e-02(-8.1578e-05)
 2.1591e-10(-5.8621e-02) 2.3423e-04(3.9697e-03) 2.1937e-02(-8.2093e-05)
 2.1355e-10(-5.8299e-02) 2.3449e-04(3.9932e-03) 2.1945e-02(-8.2608e-05)
 2.1122e-10(-5.7980e-02) 2.3475e-04(4.0166e-03) 2.1953e-02(-8.3125e-05)
 2.0893e-10(-5.7665e-02) 2.3501e-04(4.0401e-03) 2.1962e-02(-8.3642e-05)
 2.0668e-10(-5.7353e-02) 2.3527e-04(4.0636e-03) 2.1970e-02(-8.4161e-05)
 2.0446e-10(-5.7045e-02) 2.3554e-04(4.0872e-03) 2.1979e-02(-8.4681e-05)
 2.0228e-10(-5.6740e-02) 2.3580e-04(4.1107e-03) 2.1987e-02(-8.5202e-05)
 2.0013e-10(-5.6438e-02) 2.3607e-04(4.1343e-03) 2.1996e-02(-8.5725e-05)
 1.9802e-10(-5.6139e-02) 2.3634e-04(4.1579e-03) 2.2004e-02(-8.6248e-05)
 1.9594e-10(-5.5844e-02) 2.3661e-04(4.1816e-03) 2.2013e-02(-8.6772e-05)
 1.9390e-10(-5.5551e-02) 2.3689e-04(4.2052e-03) 2.2021e-02(-8.7298e-05)
 1.9188e-10(-5.5262e-02) 2.3716e-04(4.2289e-03) 2.2030e-02(-8.7825e-05)
 1.8990e-10(-5.4976e-02) 2.3744e-04(4.2527e-03) 2.2039e-02(-8.8353e-05)
 1.8795e-10(-5.4692e-02) 2.3772e-04(4.2764e-03) 2.2048e-02(-8.8882e-05)
 1.8602e-10(-5.4412e-02) 2.3800e-04(4.3002e-03) 2.2057e-02(-8.9413e-05)
 1.8413e-10(-5.4134e-02) 2.3829e-04(4.3240e-03) 2.2066e-02(-8.9944e-05)
 1.8227e-10(-5.3860e-02) 2.3857e-04(4.3478e-03) 2.2075e-02(-9.0477e-05)
 1.8043e-10(-5.3588e-02) 2.3886e-04(4.3717e-03) 2.2084e-02(-9.1011e-05)
 1.7862e-10(-5.3318e-02) 2.3915e-04(4.3956e-03) 2.2093e-02(-9.1546e-05)
 1.7684e-10(-5.3052e-02) 2.3944e-04(4.4195e-03) 2.2102e-02(-9.2083e-05)
 1.7508e-10(-5.2788e-02) 2.3973e-04(4.4435e-03) 2.2111e-02(-9.2621e-05)
 1.7335e-10(-5.2526e-02) 2.4003e-04(4.4674e-03) 2.2121e-02(-9.3160e-05)
 1.7165e-10(-5.2268e-02) 2.4032e-04(4.4915e-03) 2.2130e-02(-9.3700e-05)
 1.6997e-10(-5.2011e-02) 2.4062e-04(4.5155e-03) 2.2139e-02(-9.4241e-05)
 1.6832e-10(-5.1758e-02) 2.4092e-04(4.5396e-03) 2.2149e-02(-9.4784e-05)
 1.6669e-10(-5.1506e-02) 2.4122e-04(4.5637e-03) 2.2158e-02(-9.5328e-05)
 1.6508e-10(-5.1258e-02) 2.4153e-04(4.5878e-03) 2.2168e-02(-9.5874e-05)
 1.6350e-10(-5.1011e-02) 2.4183e-04(4.6120e-03) 2.2178e-02(-9.6420e-05)
 1.6194e-10(-5.0767e-02) 2.4214e-04(4.6362e-03) 2.2187e-02(-9.6968e-05)
 1.6040e-10(-5.0525e-02) 2.4245e-04(4.6604e-03) 2.2197e-02(-9.7518e-05)
 1.5888e-10(-5.0286e-02) 2.4276e-04(4.6846e-03) 2.2207e-02(-9.8069e-05)
 1.5739e-10(-5.0049e-02) 2.4307e-04(4.7089e-03) 2.2217e-02(-9.8621e-05)
 1.5591e-10(-4.9814e-02) 2.4339e-04(4.7332e-03) 2.2226e-02(-9.9174e-05)
 1.5446e-10(-4.9581e-02) 2.4371e-04(4.7576e-03) 2.2236e-02(-9.9729e-05)
 1.5302e-10(-4.9350e-02) 2.4402e-04(4.7820e-03) 2.2246e-02(-1.0028e-04)
 1.5161e-10(-4.9122e-02) 2.4435e-04(4.8064e-03) 2.2256e-02(-1.0084e-04)
 1.5022e-10(-4.8896e-02) 2.4467e-04(4.8308e-03) 2.2266e-02(-1.0140e-04)
 1.4884e-10(-4.8671e-02) 2.4499e-04(4.8553e-03) 2.2277e-02(-1.0196e-04)
 1.4749e-10(-4.8449e-02) 2.4532e-04(4.8798e-03) 2.2287e-02(-1.0252e-04)
 1.4615e-10(-4.8229e-02) 2.4565e-04(4.9043e-03) 2.2297e-02(-1.0309e-04)
 1.4483e-10(-4.8011e-02) 2.4598e-04(4.9289e-03) 2.2307e-02(-1.0365e-04)
 1.4353e-10(-4.7794e-02) 2.4632e-04(4.9535e-03) 2.2318e-02(-1.0422e-04)
 1.4224e-10(-4.7580e-02) 2.4665e-04(4.9782e-03) 2.2328e-02(-1.0478e-04)
 1.4097e-10(-4.7368e-02) 2.4699e-04(5.0028e-03) 2.2339e-02(-1.0535e-04)
 1.3972e-10(-4.7157e-02) 2.4733e-04(5.0276e-03) 2.2349e-02(-1.0592e-04)
 1.3849e-10(-4.6948e-02) 2.4767e-04(5.0523e-03) 2.2360e-02(-1.0650e-04)
 1.3727e-10(-4.6742e-02) 2.4801e-04(5.0771e-03) 2.2371e-02(-1.0707e-04)
 1.3607e-10(-4.6537e-02) 2.4836e-04(5.1019e-03) 2.2381e-02(-1.0764e-04)
 1.3489e-10(-4.6333e-02) 2.4870e-04(5.1267e-03) 2.2392e-02(-1.0822e-04)
 1.3372e-10(-4.6132e-02) 2.4905e-04(5.1516e-03) 2.2403e-02(-1.0880e-04)
 1.3256e-10(-4.5932e-02) 2.4941e-04(5.1765e-03) 2.2414e-02(-1.0938e-04)
 1.3142e-10(-4.5734e-02) 2.4976e-04(5.2015e-03) 2.2425e-02(-1.0996e-04)
 1.3029e-10(-4.5538e-02) 2.5012e-04(5.2265e-03) 2.2436e-02(-1.1054e-04)
 1.2918e-10(-4.5343e-02) 2.5047e-04(5.2515e-03) 2.2447e-02(-1.1113e-04)
 1.2809e-10(-4.5150e-02) 2.5083e-04(5.2765e-03) 2.2458e-02(-1.1171e-04)
 1.2700e-10(-4.4959e-02) 2.5120e-04(5.3016e-03) 2.2469e-02(-1.1230e-04)
 1.2593e-10(-4.4769e-02) 2.5156e-04(5.3268e-03) 2.2481e-02(-1.1289e-04)
 1.2488e-10(-4.4581e-02) 2.5193e-04(5.3519e-03) 2.2492e-02(-1.1348e-04)
 1.2383e-10(-4.4395e-02) 2.5230e-04(5.3771e-03) 2.2503e-02(-1.1407e-04)
 1.2280e-10(-4.4210e-02) 2.5267e-04(5.4024e-03) 2.2515e-02(-1.1466e-04)
 1.2179e-10(-4.4026e-02) 2.5304e-04(5.4277e-03) 2.2526e-02(-1.1526e-04)
 1.2078e-10(-4.3844e-02) 2.5341e-04(5.4530e-03) 2.2538e-02(-1.1586e-04)
 1.1979e-10(-4.3664e-02) 2.5379e-04(5.4783e-03) 2.2549e-02(-1.1645e-04)
 1.1881e-10(-4.3485e-02) 2.5417e-04(5.5037e-03) 2.2561e-02(-1.1706e-04)
 1.1784e-10(-4.3307e-02) 2.5455e-04(5.5291e-03) 2.2573e-02(-1.1766e-04)
 1.1689e-10(-4.3131e-02) 2.5494e-04(5.5546e-03) 2.2585e-02(-1.1826e-04)
 1.1594e-10(-4.2957e-02) 2.5532e-04(5.5801e-03) 2.2596e-02(-1.1887e-04)
 1.1501e-10(-4.2784e-02) 2.5571e-04(5.6057e-03) 2.2608e-02(-1.1947e-04)
 1.1409e-10(-4.2612e-02) 2.5610e-04(5.6312e-03) 2.2620e-02(-1.2008e-04)
 1.1318e-10(-4.2441e-02) 2.5650e-04(5.6569e-03) 2.2632e-02(-1.2069e-04)
 1.1228e-10(-4.2272e-02) 2.5689e-04(5.6825e-03) 2.2644e-02(-1.2131e-04)
 1.1139e-10(-4.2104e-02) 2.5729e-04(5.7082e-03) 2.2657e-02(-1.2192e-04)
 1.1051e-10(-4.1938e-02) 2.5769e-04(5.7340e-03) 2.2669e-02(-1.2254e-04)
 1.0964e-10(-4.1773e-02) 2.5809e-04(5.7598e-03) 2.2681e-02(-1.2315e-04)
 1.0878e-10(-4.1609e-02) 2.5850e-04(5.7856e-03) 2.2693e-02(-1.2377e-04)
 1.0793e-10(-4.1447e-02) 2.5890e-04(5.8114e-03) 2.2706e-02(-1.2439e-04)
 1.0710e-10(-4.1285e-02) 2.5931e-04(5.8373e-03) 2.2718e-02(-1.2502e-04)
 1.0627e-10(-4.1125e-02) 2.5972e-04(5.8633e-03) 2.2731e-02(-1.2564e-04)
 1.0545e-10(-4.0967e-02) 2.6014e-04(5.8893e-03) 2.2743e-02(-1.2627e-04)
 1.0464e-10(-4.0809e-02) 2.6055e-04(5.9153e-03) 2.2756e-02(-1.2690e-04)
 1.0384e-10(-4.0653e-02) 2.6097e-04(5.9414e-03) 2.2769e-02(-1.2753e-04)
 1.0305e-10(-4.0497e-02) 2.6139e-04(5.9675e-03) 2.2782e-02(-1.2816e-04)
 1.0226e-10(-4.0343e-02) 2.6182e-04(5.9936e-03) 2.2794e-02(-1.2879e-04)
 1.0149e-10(-4.0191e-02) 2.6224e-04(6.0198e-03) 2.2807e-02(-1.2943e-04)
 1.0073e-10(-4.0039e-02) 2.6267e-04(6.0461e-03) 2.2820e-02(-1.3007e-04)
 9.9971e-11(-3.9888e-02) 2.6310e-04(6.0723e-03) 2.2833e-02(-1.3071e-04)
 9.9224e-11(-3.9739e-02) 2.6353e-04(6.0987e-03) 2.2846e-02(-1.3135e-04)
 9.8485e-11(-3.9591e-02) 2.6397e-04(6.1250e-03) 2.2860e-02(-1.3199e-04)
 9.7754e-11(-3.9444e-02) 2.6441e-04(6.1514e-03) 2.2873e-02(-1.3264e-04)
 9.7031e-11(-3.9298e-02) 2.6485e-04(6.1779e-03) 2.2886e-02(-1.3329e-04)
 9.6316e-11(-3.9153e-02) 2.6529e-04(6.2044e-03) 2.2899e-02(-1.3394e-04)
 9.5609e-11(-3.9009e-02) 2.6574e-04(6.2309e-03) 2.2913e-02(-1.3459e-04)
 9.4910e-11(-3.8866e-02) 2.6618e-04(6.2575e-03) 2.2926e-02(-1.3524e-04)
 9.4219e-11(-3.8724e-02) 2.6664e-04(6.2842e-03) 2.2940e-02(-1.3590e-04)
 9.3535e-11(-3.8583e-02) 2.6709e-04(6.3108e-03) 2.2953e-02(-1.3656e-04)
 9.2858e-11(-3.8443e-02) 2.6754e-04(6.3376e-03) 2.2967e-02(-1.3722e-04)
 9.2189e-11(-3.8304e-02) 2.6800e-04(6.3643e-03) 2.2981e-02(-1.3788e-04)
 9.1527e-11(-3.8167e-02) 2.6846e-04(6.3911e-03) 2.2995e-02(-1.3854e-04)
 9.0872e-11(-3.8030e-02) 2.6893e-04(6.4180e-03) 2.3009e-02(-1.3921e-04)
 9.0224e-11(-3.7894e-02) 2.6939e-04(6.4449e-03) 2.3023e-02(-1.3988e-04)
 8.9583e-11(-3.7759e-02) 2.6986e-04(6.4719e-03) 2.3037e-02(-1.4055e-04)
 8.8949e-11(-3.7625e-02) 2.7033e-04(6.4989e-03) 2.3051e-02(-1.4122e-04)
 8.8321e-11(-3.7492e-02) 2.7080e-04(6.5259e-03) 2.3065e-02(-1.4190e-04)
 8.7700e-11(-3.7360e-02) 2.7128e-04(6.5530e-03) 2.3079e-02(-1.4257e-04)
 8.7086e-11(-3.7229e-02) 2.7176e-04(6.5802e-03) 2.3093e-02(-1.4325e-04)
 8.6478e-11(-3.7099e-02) 2.7224e-04(6.6073e-03) 2.3108e-02(-1.4393e-04)
 8.5876e-11(-3.6970e-02) 2.7273e-04(6.6346e-03) 2.3122e-02(-1.4462e-04)
 8.5281e-11(-3.6841e-02) 2.7321e-04(6.6619e-03) 2.3137e-02(-1.4530e-04)
 8.4692e-11(-3.6714e-02) 2.7370e-04(6.6892e-03) 2.3151e-02(-1.4599e-04)
 8.4109e-11(-3.6587e-02) 2.7420e-04(6.7166e-03) 2.3166e-02(-1.4668e-04)
 8.3532e-11(-3.6462e-02) 2.7469e-04(6.7440e-03) 2.3180e-02(-1.4738e-04)
 8.2961e-11(-3.6337e-02) 2.7519e-04(6.7715e-03) 2.3195e-02(-1.4807e-04)
 8.2395e-11(-3.6213e-02) 2.7569e-04(6.7990e-03) 2.3210e-02(-1.4877e-04)
 8.1836e-11(-3.6090e-02) 2.7619e-04(6.8266e-03) 2.3225e-02(-1.4947e-04)
 8.1282e-11(-3.5967e-02) 2.7670e-04(6.8543e-03) 2.3240e-02(-1.5017e-04)
 8.0734e-11(-3.5846e-02) 2.7721e-04(6.8820e-03) 2.3255e-02(-1.5087e-04)
 8.0191e-11(-3.5725e-02) 2.7772e-04(6.9097e-03) 2.3270e-02(-1.5158e-04)
 7.9654e-11(-3.5605e-02) 2.7823e-04(6.9375e-03) 2.3285e-02(-1.5229e-04)
 7.9122e-11(-3.5486e-02) 2.7875e-04(6.9653e-03) 2.3301e-02(-1.5300e-04)
 7.8595e-11(-3.5368e-02) 2.7927e-04(6.9932e-03) 2.3316e-02(-1.5371e-04)
 7.8074e-11(-3.5250e-02) 2.7980e-04(7.0212e-03) 2.3331e-02(-1.5443e-04)
 7.7557e-11(-3.5134e-02) 2.8032e-04(7.0492e-03) 2.3347e-02(-1.5515e-04)
 7.7046e-11(-3.5018e-02) 2.8085e-04(7.0772e-03) 2.3362e-02(-1.5587e-04)
 7.6540e-11(-3.4902e-02) 2.8138e-04(7.1053e-03) 2.3378e-02(-1.5659e-04)
 7.6039e-11(-3.4788e-02) 2.8192e-04(7.1335e-03) 2.3394e-02(-1.5732e-04)
 7.5543e-11(-3.4674e-02) 2.8246e-04(7.1617e-03) 2.3409e-02(-1.5805e-04)
 7.5052e-11(-3.4561e-02) 2.8300e-04(7.1899e-03) 2.3425e-02(-1.5878e-04)
 7.4565e-11(-3.4449e-02) 2.8354e-04(7.2182e-03) 2.3441e-02(-1.5951e-04)
 7.4083e-11(-3.4338e-02) 2.8409e-04(7.2466e-03) 2.3457e-02(-1.6025e-04)
 7.3606e-11(-3.4227e-02) 2.8464e-04(7.2750e-03) 2.3473e-02(-1.6099e-04)
 7.3134e-11(-3.4117e-02) 2.8519e-04(7.3035e-03) 2.3489e-02(-1.6173e-04)
 7.2666e-11(-3.4007e-02) 2.8575e-04(7.3321e-03) 2.3505e-02(-1.6247e-04)
 7.2202e-11(-3.3899e-02) 2.8630e-04(7.3607e-03) 2.3522e-02(-1.6322e-04)
 7.1743e-11(-3.3791e-02) 2.8687e-04(7.3893e-03) 2.3538e-02(-1.6397e-04)
 7.1288e-11(-3.3684e-02) 2.8743e-04(7.4180e-03) 2.3554e-02(-1.6472e-04)
 7.0838e-11(-3.3577e-02) 2.8800e-04(7.4468e-03) 2.3571e-02(-1.6548e-04)
 7.0391e-11(-3.3471e-02) 2.8857e-04(7.4756e-03) 2.3588e-02(-1.6623e-04)
 6.9949e-11(-3.3366e-02) 2.8915e-04(7.5045e-03) 2.3604e-02(-1.6699e-04)
 6.9511e-11(-3.3261e-02) 2.8972e-04(7.5334e-03) 2.3621e-02(-1.6776e-04)
 6.9078e-11(-3.3157e-02) 2.9030e-04(7.5624e-03) 2.3638e-02(-1.6852e-04)
 6.8648e-11(-3.3054e-02) 2.9089e-04(7.5914e-03) 2.3655e-02(-1.6929e-04)
 6.8222e-11(-3.2951e-02) 2.9148e-04(7.6205e-03) 2.3672e-02(-1.7006e-04)
 6.7800e-11(-3.2849e-02) 2.9207e-04(7.6497e-03) 2.3689e-02(-1.7083e-04)
 6.7383e-11(-3.2748e-02) 2.9266e-04(7.6789e-03) 2.3706e-02(-1.7161e-04)
 6.6969e-11(-3.2647e-02) 2.9326e-04(7.7082e-03) 2.3723e-02(-1.7239e-04)
 6.6558e-11(-3.2547e-02) 2.9386e-04(7.7376e-03) 2.3740e-02(-1.7317e-04)
 6.6152e-11(-3.2447e-02) 2.9446e-04(7.7670e-03) 2.3758e-02(-1.7396e-04)
 6.5749e-11(-3.2349e-02) 2.9507e-04(7.7964e-03) 2.3775e-02(-1.7475e-04)
 6.5350e-11(-3.2250e-02) 2.9568e-04(7.8260e-03) 2.3792e-02(-1.7554e-04)
 6.4955e-11(-3.2153e-02) 2.9629e-04(7.8555e-03) 2.3810e-02(-1.7633e-04)
 6.4563e-11(-3.2055e-02) 2.9691e-04(7.8852e-03) 2.3828e-02(-1.7713e-04)
 6.4174e-11(-3.1959e-02) 2.9753e-04(7.9149e-03) 2.3845e-02(-1.7793e-04)
 6.3789e-11(-3.1863e-02) 2.9815e-04(7.9447e-03) 2.3863e-02(-1.7873e-04)
 6.3408e-11(-3.1767e-02) 2.9878e-04(7.9745e-03) 2.3881e-02(-1.7954e-04)
 6.3030e-11(-3.1673e-02) 2.9941e-04(8.0044e-03) 2.3899e-02(-1.8035e-04)
 6.2655e-11(-3.1578e-02) 3.0004e-04(8.0344e-03) 2.3917e-02(-1.8116e-04)
 6.2284e-11(-3.1485e-02) 3.0068e-04(8.0644e-03) 2.3935e-02(-1.8197e-04)
 6.1916e-11(-3.1392e-02) 3.0132e-04(8.0945e-03) 2.3954e-02(-1.8279e-04)
 6.1551e-11(-3.1299e-02) 3.0196e-04(8.1246e-03) 2.3972e-02(-1.8361e-04)
 6.1190e-11(-3.1207e-02) 3.0261e-04(8.1549e-03) 2.3990e-02(-1.8444e-04)
 6.0832e-11(-3.1115e-02) 3.0326e-04(8.1851e-03) 2.4009e-02(-1.8526e-04)
 6.0476e-11(-3.1024e-02) 3.0392e-04(8.2155e-03) 2.4027e-02(-1.8609e-04)
 6.0124e-11(-3.0934e-02) 3.0458e-04(8.2459e-03) 2.4046e-02(-1.8693e-04)
 5.9775e-11(-3.0844e-02) 3.0524e-04(8.2764e-03) 2.4065e-02(-1.8777e-04)
 5.9429e-11(-3.0755e-02) 3.0590e-04(8.3069e-03) 2.4083e-02(-1.8861e-04)
 5.9086e-11(-3.0666e-02) 3.0657e-04(8.3375e-03) 2.4102e-02(-1.8945e-04)
 5.8746e-11(-3.0577e-02) 3.0725e-04(8.3682e-03) 2.4121e-02(-1.9030e-04)
 5.8409e-11(-3.0489e-02) 3.0792e-04(8.3990e-03) 2.4140e-02(-1.9115e-04)
 5.8075e-11(-3.0402e-02) 3.0860e-04(8.4298e-03) 2.4160e-02(-1.9200e-04)
 5.7743e-11(-3.0315e-02) 3.0929e-04(8.4606e-03) 2.4179e-02(-1.9286e-04)
 5.7415e-11(-3.0229e-02) 3.0998e-04(8.4916e-03) 2.4198e-02(-1.9372e-04)
 5.7089e-11(-3.0143e-02) 3.1067e-04(8.5226e-03) 2.4218e-02(-1.9458e-04)
 5.6766e-11(-3.0058e-02) 3.1136e-04(8.5537e-03) 2.4237e-02(-1.9545e-04)
 5.6446e-11(-2.9973e-02) 3.1206e-04(8.5849e-03) 2.4257e-02(-1.9632e-04)
 5.6128e-11(-2.9888e-02) 3.1277e-04(8.6161e-03) 2.4276e-02(-1.9719e-04)
 5.5813e-11(-2.9804e-02) 3.1347e-04(8.6474e-03) 2.4296e-02(-1.9807e-04)
 5.5501e-11(-2.9721e-02) 3.1418e-04(8.6788e-03) 2.4316e-02(-1.9895e-04)
 5.5191e-11(-2.9638e-02) 3.1490e-04(8.7102e-03) 2.4336e-02(-1.9984e-04)
 5.4884e-11(-2.9555e-02) 3.1562e-04(8.7417e-03) 2.4356e-02(-2.0072e-04)
 5.4580e-11(-2.9473e-02) 3.1634e-04(8.7733e-03) 2.4376e-02(-2.0162e-04)
 5.4278e-11(-2.9391e-02) 3.1707e-04(8.8050e-03) 2.4396e-02(-2.0251e-04)
 5.3978e-11(-2.9310e-02) 3.1780e-04(8.8367e-03) 2.4416e-02(-2.0341e-04)
 5.3681e-11(-2.9230e-02) 3.1853e-04(8.8685e-03) 2.4437e-02(-2.0431e-04)
 5.3387e-11(-2.9149e-02) 3.1927e-04(8.9004e-03) 2.4457e-02(-2.0522e-04)
 5.3095e-11(-2.9069e-02) 3.2001e-04(8.9323e-03) 2.4478e-02(-2.0613e-04)
 5.2805e-11(-2.8990e-02) 3.2076e-04(8.9643e-03) 2.4498e-02(-2.0704e-04)
 5.2518e-11(-2.8911e-02) 3.2151e-04(8.9964e-03) 2.4519e-02(-2.0796e-04)
 5.2233e-11(-2.8832e-02) 3.2227e-04(9.0286e-03) 2.4540e-02(-2.0888e-04)
 5.1950e-11(-2.8754e-02) 3.2303e-04(9.0609e-03) 2.4561e-02(-2.0981e-04)
 5.1669e-11(-2.8677e-02) 3.2379e-04(9.0932e-03) 2.4582e-02(-2.1073e-04)
 5.1391e-11(-2.8599e-02) 3.2456e-04(9.1256e-03) 2.4603e-02(-2.1167e-04)
 5.1115e-11(-2.8522e-02) 3.2533e-04(9.1581e-03) 2.4624e-02(-2.1260e-04)
 5.0842e-11(-2.8446e-02) 3.2611e-04(9.1906e-03) 2.4646e-02(-2.1354e-04)
 5.0570e-11(-2.8370e-02) 3.2689e-04(9.2233e-03) 2.4667e-02(-2.1449e-04)
 5.0301e-11(-2.8294e-02) 3.2767e-04(9.2560e-03) 2.4688e-02(-2.1544e-04)
 5.0034e-11(-2.8219e-02) 3.2846e-04(9.2888e-03) 2.4710e-02(-2.1639e-04)
 4.9769e-11(-2.8144e-02) 3.2926e-04(9.3217e-03) 2.4732e-02(-2.1735e-04)
 4.9506e-11(-2.8070e-02) 3.3005e-04(9.3546e-03) 2.4753e-02(-2.1831e-04)
 4.9245e-11(-2.7996e-02) 3.3086e-04(9.3876e-03) 2.4775e-02(-2.1927e-04)
 4.8986e-11(-2.7922e-02) 3.3166e-04(9.4207e-03) 2.4797e-02(-2.2024e-04)
 4.8729e-11(-2.7849e-02) 3.3247e-04(9.4539e-03) 2.4819e-02(-2.2121e-04)
 4.8474e-11(-2.7776e-02) 3.3329e-04(9.4872e-03) 2.4841e-02(-2.2219e-04)
 4.8221e-11(-2.7703e-02) 3.3411e-04(9.5206e-03) 2.4864e-02(-2.2317e-04)
 4.7971e-11(-2.7631e-02) 3.3494e-04(9.5540e-03) 2.4886e-02(-2.2416e-04)
 4.7722e-11(-2.7559e-02) 3.3577e-04(9.5875e-03) 2.4908e-02(-2.2515e-04)
 4.7475e-11(-2.7488e-02) 3.3660e-04(9.6211e-03) 2.4931e-02(-2.2614e-04)
 4.7230e-11(-2.7417e-02) 3.3744e-04(9.6548e-03) 2.4954e-02(-2.2714e-04)
 4.6987e-11(-2.7346e-02) 3.3828e-04(9.6886e-03) 2.4976e-02(-2.2814e-04)
 4.6745e-11(-2.7276e-02) 3.3913e-04(9.7224e-03) 2.4999e-02(-2.2915e-04)
 4.6506e-11(-2.7206e-02) 3.3998e-04(9.7564e-03) 2.5022e-02(-2.3016e-04)
 4.6268e-11(-2.7136e-02) 3.4084e-04(9.7904e-03) 2.5045e-02(-2.3117e-04)
 4.6033e-11(-2.7067e-02) 3.4170e-04(9.8245e-03) 2.5068e-02(-2.3219e-04)
 4.5799e-11(-2.6998e-02) 3.4257e-04(9.8587e-03) 2.5092e-02(-2.3322e-04)
 4.5566e-11(-2.6930e-02) 3.4344e-04(9.8930e-03) 2.5115e-02(-2.3425e-04)
 4.5336e-11(-2.6862e-02) 3.4432e-04(9.9274e-03) 2.5139e-02(-2.3528e-04)
 4.5107e-11(-2.6794e-02) 3.4520e-04(9.9618e-03) 2.5162e-02(-2.3632e-04)
 4.4880e-11(-2.6726e-02) 3.4609e-04(9.9964e-03) 2.5186e-02(-2.3736e-04)
 4.4655e-11(-2.6659e-02) 3.4698e-04(1.0031e-02) 2.5210e-02(-2.3841e-04)
 4.4432e-11(-2.6592e-02) 3.4788e-04(1.0066e-02) 2.5233e-02(-2.3946e-04)
 4.4210e-11(-2.6526e-02) 3.4878e-04(1.0101e-02) 2.5257e-02(-2.4052e-04)
 4.3989e-11(-2.6460e-02) 3.4969e-04(1.0135e-02) 2.5281e-02(-2.4158e-04)
 4.3771e-11(-2.6394e-02) 3.5060e-04(1.0170e-02) 2.5306e-02(-2.4265e-04)
 4.3554e-11(-2.6328e-02) 3.5152e-04(1.0206e-02) 2.5330e-02(-2.4372e-04)
 4.3339e-11(-2.6263e-02) 3.5244e-04(1.0241e-02) 2.5354e-02(-2.4479e-04)
 4.3125e-11(-2.6198e-02) 3.5337e-04(1.0276e-02) 2.5379e-02(-2.4587e-04)
 4.2913e-11(-2.6134e-02) 3.5430e-04(1.0311e-02) 2.5404e-02(-2.4696e-04)
 4.2702e-11(-2.6070e-02) 3.5524e-04(1.0347e-02) 2.5428e-02(-2.4805e-04)
 4.2493e-11(-2.6006e-02) 3.5618e-04(1.0382e-02) 2.5453e-02(-2.4915e-04)
 4.2285e-11(-2.5942e-02) 3.5713e-04(1.0418e-02) 2.5478e-02(-2.5025e-04)
 4.2079e-11(-2.5879e-02) 3.5809e-04(1.0454e-02) 2.5503e-02(-2.5135e-04)
 4.1875e-11(-2.5816e-02) 3.5905e-04(1.0490e-02) 2.5528e-02(-2.5246e-04)
 4.1672e-11(-2.5753e-02) 3.6001e-04(1.0526e-02) 2.5554e-02(-2.5358e-04)
 4.1470e-11(-2.5691e-02) 3.6098e-04(1.0562e-02) 2.5579e-02(-2.5470e-04)
 4.1270e-11(-2.5629e-02) 3.6196e-04(1.0598e-02) 2.5604e-02(-2.5583e-04)
 4.1072e-11(-2.5567e-02) 3.6294e-04(1.0634e-02) 2.5630e-02(-2.5696e-04)
 4.0874e-11(-2.5506e-02) 3.6393e-04(1.0670e-02) 2.5656e-02(-2.5810e-04)
 4.0679e-11(-2.5444e-02) 3.6492e-04(1.0707e-02) 2.5682e-02(-2.5924e-04)
 4.0484e-11(-2.5384e-02) 3.6592e-04(1.0743e-02) 2.5708e-02(-2.6039e-04)
 4.0291e-11(-2.5323e-02) 3.6692e-04(1.0780e-02) 2.5734e-02(-2.6154e-04)
 4.0100e-11(-2.5263e-02) 3.6793e-04(1.0817e-02) 2.5760e-02(-2.6270e-04)
 3.9909e-11(-2.5203e-02) 3.6895e-04(1.0853e-02) 2.5786e-02(-2.6386e-04)
 3.9720e-11(-2.5143e-02) 3.6997e-04(1.0890e-02) 2.5813e-02(-2.6503e-04)
 3.9533e-11(-2.5084e-02) 3.7100e-04(1.0927e-02) 2.5839e-02(-2.6620e-04)
 3.9346e-11(-2.5024e-02) 3.7203e-04(1.0964e-02) 2.5866e-02(-2.6739e-04)
 3.9162e-11(-2.4965e-02) 3.7307e-04(1.1002e-02) 2.5893e-02(-2.6857e-04)
 3.8978e-11(-2.4907e-02) 3.7411e-04(1.1039e-02) 2.5920e-02(-2.6976e-04)
 3.8796e-11(-2.4849e-02) 3.7517e-04(1.1076e-02) 2.5947e-02(-2.7096e-04)
 3.8614e-11(-2.4790e-02) 3.7622e-04(1.1114e-02) 2.5974e-02(-2.7216e-04)
 3.8435e-11(-2.4733e-02) 3.7729e-04(1.1152e-02) 2.6001e-02(-2.7337e-04)
 3.8256e-11(-2.4675e-02) 3.7836e-04(1.1189e-02) 2.6028e-02(-2.7459e-04)
 3.8079e-11(-2.4618e-02) 3.7943e-04(1.1227e-02) 2.6056e-02(-2.7581e-04)
 3.7903e-11(-2.4561e-02) 3.8051e-04(1.1265e-02) 2.6083e-02(-2.7703e-04)
 3.7728e-11(-2.4504e-02) 3.8160e-04(1.1303e-02) 2.6111e-02(-2.7827e-04)
 3.7554e-11(-2.4448e-02) 3.8270e-04(1.1342e-02) 2.6139e-02(-2.7951e-04)
 3.7382e-11(-2.4392e-02) 3.8380e-04(1.1380e-02) 2.6167e-02(-2.8075e-04)
 3.7210e-11(-2.4336e-02) 3.8490e-04(1.1418e-02) 2.6195e-02(-2.8200e-04)
 3.7040e-11(-2.4280e-02) 3.8602e-04(1.1457e-02) 2.6223e-02(-2.8326e-04)
 3.6871e-11(-2.4224e-02) 3.8714e-04(1.1495e-02) 2.6252e-02(-2.8452e-04)
 3.6704e-11(-2.4169e-02) 3.8826e-04(1.1534e-02) 2.6280e-02(-2.8579e-04)
 3.6537e-11(-2.4114e-02) 3.8940e-04(1.1573e-02) 2.6309e-02(-2.8707e-04)
 3.6371e-11(-2.4060e-02) 3.9054e-04(1.1612e-02) 2.6338e-02(-2.8835e-04)
 3.6207e-11(-2.4005e-02) 3.9168e-04(1.1651e-02) 2.6367e-02(-2.8964e-04)
 3.6044e-11(-2.3951e-02) 3.9284e-04(1.1690e-02) 2.6396e-02(-2.9093e-04)
 3.5882e-11(-2.3897e-02) 3.9400e-04(1.1730e-02) 2.6425e-02(-2.9223e-04)
 3.5721e-11(-2.3843e-02) 3.9516e-04(1.1769e-02) 2.6454e-02(-2.9354e-04)
 3.5561e-11(-2.3790e-02) 3.9634e-04(1.1809e-02) 2.6483e-02(-2.9485e-04)
 3.5402e-11(-2.3737e-02) 3.9752e-04(1.1848e-02) 2.6513e-02(-2.9617e-04)
 3.5244e-11(-2.3684e-02) 3.9871e-04(1.1888e-02) 2.6543e-02(-2.9750e-04)
 3.5087e-11(-2.3631e-02) 3.9990e-04(1.1928e-02) 2.6572e-02(-2.9884e-04)
 3.4931e-11(-2.3579e-02) 4.0110e-04(1.1968e-02) 2.6602e-02(-3.0018e-04)
 3.4776e-11(-2.3526e-02) 4.0231e-04(1.2008e-02) 2.6632e-02(-3.0152e-04)
 3.4623e-11(-2.3474e-02) 4.0353e-04(1.2048e-02) 2.6663e-02(-3.0288e-04)
 3.4470e-11(-2.3422e-02) 4.0475e-04(1.2089e-02) 2.6693e-02(-3.0424e-04)
 3.4318e-11(-2.3371e-02) 4.0598e-04(1.2129e-02) 2.6723e-02(-3.0561e-04)
 3.4168e-11(-2.3319e-02) 4.0722e-04(1.2170e-02) 2.6754e-02(-3.0698e-04)
 3.4018e-11(-2.3268e-02) 4.0846e-04(1.2211e-02) 2.6785e-02(-3.0837e-04)
 3.3869e-11(-2.3217e-02) 4.0971e-04(1.2252e-02) 2.6816e-02(-3.0976e-04)
 3.3721e-11(-2.3167e-02) 4.1097e-04(1.2293e-02) 2.6847e-02(-3.1115e-04)
 3.3575e-11(-2.3116e-02) 4.1224e-04(1.2334e-02) 2.6878e-02(-3.1256e-04)
 3.3429e-11(-2.3066e-02) 4.1352e-04(1.2375e-02) 2.6909e-02(-3.1397e-04)
 3.3284e-11(-2.3016e-02) 4.1480e-04(1.2416e-02) 2.6940e-02(-3.1539e-04)
 3.3140e-11(-2.2966e-02) 4.1609e-04(1.2458e-02) 2.6972e-02(-3.1681e-04)
 3.2997e-11(-2.2916e-02) 4.1739e-04(1.2500e-02) 2.7004e-02(-3.1825e-04)
 3.2855e-11(-2.2867e-02) 4.1869e-04(1.2541e-02) 2.7036e-02(-3.1969e-04)
 3.2714e-11(-2.2818e-02) 4.2000e-04(1.2583e-02) 2.7068e-02(-3.2113e-04)
 3.2574e-11(-2.2769e-02) 4.2133e-04(1.2625e-02) 2.7100e-02(-3.2259e-04)
 3.2434e-11(-2.2720e-02) 4.2265e-04(1.2667e-02) 2.7132e-02(-3.2405e-04)
 3.2296e-11(-2.2672e-02) 4.2399e-04(1.2710e-02) 2.7165e-02(-3.2553e-04)
 3.2158e-11(-2.2623e-02) 4.2534e-04(1.2752e-02) 2.7197e-02(-3.2701e-04)
 3.2022e-11(-2.2575e-02) 4.2669e-04(1.2795e-02) 2.7230e-02(-3.2849e-04)
 3.1886e-11(-2.2527e-02) 4.2805e-04(1.2837e-02) 2.7263e-02(-3.2999e-04)
 3.1751e-11(-2.2480e-02) 4.2942e-04(1.2880e-02) 2.7296e-02(-3.3149e-04)
 3.1617e-11(-2.2432e-02) 4.3080e-04(1.2923e-02) 2.7329e-02(-3.3300e-04)
 3.1483e-11(-2.2385e-02) 4.3219e-04(1.2966e-02) 2.7362e-02(-3.3452e-04)
 3.1351e-11(-2.2338e-02) 4.3358e-04(1.3010e-02) 2.7396e-02(-3.3605e-04)
 3.1219e-11(-2.2291e-02) 4.3499e-04(1.3053e-02) 2.7430e-02(-3.3758e-04)
 3.1089e-11(-2.2244e-02) 4.3640e-04(1.3097e-02) 2.7463e-02(-3.3913e-04)
 3.0959e-11(-2.2197e-02) 4.3782e-04(1.3140e-02) 2.7497e-02(-3.4068e-04)
 3.0830e-11(-2.2151e-02) 4.3925e-04(1.3184e-02) 2.7531e-02(-3.4224e-04)
 3.0701e-11(-2.2105e-02) 4.4069e-04(1.3228e-02) 2.7566e-02(-3.4381e-04)
 3.0574e-11(-2.2059e-02) 4.4213e-04(1.3272e-02) 2.7600e-02(-3.4539e-04)
 3.0447e-11(-2.2013e-02) 4.4359e-04(1.3316e-02) 2.7635e-02(-3.4698e-04)
 3.0321e-11(-2.1968e-02) 4.4505e-04(1.3361e-02) 2.7670e-02(-3.4857e-04)
 3.0196e-11(-2.1922e-02) 4.4653e-04(1.3405e-02) 2.7704e-02(-3.5017e-04)
 3.0071e-11(-2.1877e-02) 4.4801e-04(1.3450e-02) 2.7739e-02(-3.5179e-04)
 2.9948e-11(-2.1832e-02) 4.4950e-04(1.3495e-02) 2.7775e-02(-3.5341e-04)
 2.9825e-11(-2.1787e-02) 4.5101e-04(1.3540e-02) 2.7810e-02(-3.5504e-04)
 2.9703e-11(-2.1742e-02) 4.5252e-04(1.3585e-02) 2.7846e-02(-3.5668e-04)
 2.9581e-11(-2.1698e-02) 4.5404e-04(1.3630e-02) 2.7881e-02(-3.5833e-04)
 2.9461e-11(-2.1654e-02) 4.5557e-04(1.3676e-02) 2.7917e-02(-3.5999e-04)
 2.9341e-11(-2.1610e-02) 4.5711e-04(1.3721e-02) 2.7953e-02(-3.6165e-04)
 2.9222e-11(-2.1566e-02) 4.5865e-04(1.3767e-02) 2.7990e-02(-3.6333e-04)
 2.9103e-11(-2.1522e-02) 4.6021e-04(1.3813e-02) 2.8026e-02(-3.6502e-04)
 2.8986e-11(-2.1478e-02) 4.6178e-04(1.3859e-02) 2.8062e-02(-3.6671e-04)
 2.8869e-11(-2.1435e-02) 4.6336e-04(1.3905e-02) 2.8099e-02(-3.6842e-04)
 2.8752e-11(-2.1392e-02) 4.6495e-04(1.3952e-02) 2.8136e-02(-3.7013e-04)
 2.8637e-11(-2.1349e-02) 4.6654e-04(1.3998e-02) 2.8173e-02(-3.7186e-04)
 2.8522e-11(-2.1306e-02) 4.6815e-04(1.4045e-02) 2.8210e-02(-3.7359e-04)
 2.8408e-11(-2.1263e-02) 4.6977e-04(1.4092e-02) 2.8248e-02(-3.7533e-04)
 2.8294e-11(-2.1221e-02) 4.7140e-04(1.4139e-02) 2.8285e-02(-3.7709e-04)
 2.8181e-11(-2.1178e-02) 4.7304e-04(1.4186e-02) 2.8323e-02(-3.7885e-04)
 2.8069e-11(-2.1136e-02) 4.7469e-04(1.4233e-02) 2.8361e-02(-3.8063e-04)
 2.7958e-11(-2.1094e-02) 4.7635e-04(1.4281e-02) 2.8399e-02(-3.8241e-04)
 2.7847e-11(-2.1052e-02) 4.7802e-04(1.4329e-02) 2.8438e-02(-3.8421e-04)
 2.7737e-11(-2.1011e-02) 4.7970e-04(1.4377e-02) 2.8476e-02(-3.8601e-04)
 2.7627e-11(-2.0969e-02) 4.8139e-04(1.4425e-02) 2.8515e-02(-3.8783e-04)
 2.7518e-11(-2.0928e-02) 4.8309e-04(1.4473e-02) 2.8554e-02(-3.8965e-04)
 2.7410e-11(-2.0886e-02) 4.8480e-04(1.4521e-02) 2.8593e-02(-3.9149e-04)
 2.7302e-11(-2.0845e-02) 4.8653e-04(1.4570e-02) 2.8632e-02(-3.9334e-04)
 2.7196e-11(-2.0805e-02) 4.8826e-04(1.4618e-02) 2.8671e-02(-3.9520e-04)
 2.7089e-11(-2.0764e-02) 4.9001e-04(1.4667e-02) 2.8711e-02(-3.9707e-04)
 2.6983e-11(-2.0723e-02) 4.9177e-04(1.4716e-02) 2.8750e-02(-3.9895e-04)
 2.6878e-11(-2.0683e-02) 4.9353e-04(1.4765e-02) 2.8790e-02(-4.0084e-04)
 2.6774e-11(-2.0643e-02) 4.9531e-04(1.4815e-02) 2.8831e-02(-4.0274e-04)
 2.6670e-11(-2.0603e-02) 4.9711e-04(1.4864e-02) 2.8871e-02(-4.0465e-04)
 2.6567e-11(-2.0563e-02) 4.9891e-04(1.4914e-02) 2.8911e-02(-4.0658e-04)
 2.6464e-11(-2.0523e-02) 5.0072e-04(1.4964e-02) 2.8952e-02(-4.0852e-04)
 2.6362e-11(-2.0483e-02) 5.0255e-04(1.5014e-02) 2.8993e-02(-4.1046e-04)
 2.6260e-11(-2.0444e-02) 5.0439e-04(1.5065e-02) 2.9034e-02(-4.1242e-04)
 2.6160e-11(-2.0404e-02) 5.0624e-04(1.5115e-02) 2.9075e-02(-4.1440e-04)
 2.6059e-11(-2.0365e-02) 5.0810e-04(1.5166e-02) 2.9117e-02(-4.1638e-04)
 2.5960e-11(-2.0326e-02) 5.0998e-04(1.5217e-02) 2.9159e-02(-4.1837e-04)
 2.5860e-11(-2.0287e-02) 5.1187e-04(1.5268e-02) 2.9201e-02(-4.2038e-04)
 2.5762e-11(-2.0249e-02) 5.1376e-04(1.5319e-02) 2.9243e-02(-4.2240e-04)
 2.5664e-11(-2.0210e-02) 5.1568e-04(1.5370e-02) 2.9285e-02(-4.2443e-04)
 2.5566e-11(-2.0172e-02) 5.1760e-04(1.5422e-02) 2.9327e-02(-4.2648e-04)
 2.5469e-11(-2.0133e-02) 5.1954e-04(1.5474e-02) 2.9370e-02(-4.2854e-04)
 2.5373e-11(-2.0095e-02) 5.2149e-04(1.5526e-02) 2.9413e-02(-4.3060e-04)
 2.5277e-11(-2.0057e-02) 5.2345e-04(1.5578e-02) 2.9456e-02(-4.3269e-04)
 2.5182e-11(-2.0019e-02) 5.2543e-04(1.5630e-02) 2.9500e-02(-4.3478e-04)
 2.5087e-11(-1.9982e-02) 5.2742e-04(1.5683e-02) 2.9543e-02(-4.3689e-04)
 2.4993e-11(-1.9944e-02) 5.2942e-04(1.5736e-02) 2.9587e-02(-4.3901e-04)
 2.4899e-11(-1.9907e-02) 5.3144e-04(1.5789e-02) 2.9631e-02(-4.4114e-04)
 2.4806e-11(-1.9870e-02) 5.3347e-04(1.5842e-02) 2.9675e-02(-4.4329e-04)
 2.4713e-11(-1.9832e-02) 5.3551e-04(1.5895e-02) 2.9719e-02(-4.4545e-04)
 2.4621e-11(-1.9795e-02) 5.3757e-04(1.5949e-02) 2.9764e-02(-4.4763e-04)
 2.4530e-11(-1.9759e-02) 5.3964e-04(1.6003e-02) 2.9809e-02(-4.4981e-04)
 2.4438e-11(-1.9722e-02) 5.4172e-04(1.6057e-02) 2.9854e-02(-4.5201e-04)
 2.4348e-11(-1.9685e-02) 5.4382e-04(1.6111e-02) 2.9899e-02(-4.5423e-04)
 2.4258e-11(-1.9649e-02) 5.4593e-04(1.6166e-02) 2.9945e-02(-4.5646e-04)
 2.4168e-11(-1.9612e-02) 5.4806e-04(1.6220e-02) 2.9990e-02(-4.5870e-04)
 2.4079e-11(-1.9576e-02) 5.5020e-04(1.6275e-02) 3.0036e-02(-4.6096e-04)
 2.3990e-11(-1.9540e-02) 5.5236e-04(1.6330e-02) 3.0082e-02(-4.6323e-04)
 2.3902e-11(-1.9504e-02) 5.5453e-04(1.6385e-02) 3.0129e-02(-4.6552e-04)
 2.3815e-11(-1.9468e-02) 5.5672e-04(1.6441e-02) 3.0175e-02(-4.6782e-04)
 2.3728e-11(-1.9433e-02) 5.5892e-04(1.6497e-02) 3.0222e-02(-4.7013e-04)
 2.3641e-11(-1.9397e-02) 5.6113e-04(1.6553e-02) 3.0269e-02(-4.7246e-04)
 2.3555e-11(-1.9362e-02) 5.6336e-04(1.6609e-02) 3.0317e-02(-4.7481e-04)
 2.3469e-11(-1.9327e-02) 5.6561e-04(1.6665e-02) 3.0364e-02(-4.7717e-04)
 2.3384e-11(-1.9292e-02) 5.6787e-04(1.6722e-02) 3.0412e-02(-4.7955e-04)
 2.3299e-11(-1.9256e-02) 5.7015e-04(1.6779e-02) 3.0460e-02(-4.8194e-04)
 2.3214e-11(-1.9222e-02) 5.7244e-04(1.6836e-02) 3.0508e-02(-4.8434e-04)
 2.3131e-11(-1.9187e-02) 5.7475e-04(1.6893e-02) 3.0557e-02(-4.8677e-04)
 2.3047e-11(-1.9152e-02) 5.7707e-04(1.6951e-02) 3.0605e-02(-4.8920e-04)
 2.2964e-11(-1.9118e-02) 5.7942e-04(1.7008e-02) 3.0654e-02(-4.9166e-04)
 2.2882e-11(-1.9083e-02) 5.8177e-04(1.7066e-02) 3.0704e-02(-4.9413e-04)
 2.2800e-11(-1.9049e-02) 5.8415e-04(1.7125e-02) 3.0753e-02(-4.9662e-04)
 2.2718e-11(-1.9015e-02) 5.8654e-04(1.7183e-02) 3.0803e-02(-4.9912e-04)
 2.2637e-11(-1.8981e-02) 5.8894e-04(1.7242e-02) 3.0853e-02(-5.0164e-04)
 2.2556e-11(-1.8947e-02) 5.9137e-04(1.7301e-02) 3.0903e-02(-5.0417e-04)
 2.2476e-11(-1.8913e-02) 5.9381e-04(1.7360e-02) 3.0954e-02(-5.0673e-04)
 2.2396e-11(-1.8880e-02) 5.9627e-04(1.7419e-02) 3.1004e-02(-5.0930e-04)
 2.2316e-11(-1.8846e-02) 5.9874e-04(1.7479e-02) 3.1055e-02(-5.1188e-04)
 2.2237e-11(-1.8813e-02) 6.0124e-04(1.7539e-02) 3.1107e-02(-5.1449e-04)
 2.2159e-11(-1.8779e-02) 6.0375e-04(1.7599e-02) 3.1158e-02(-5.1711e-04)
 2.2080e-11(-1.8746e-02) 6.0628e-04(1.7660e-02) 3.1210e-02(-5.1975e-04)
 2.2002e-11(-1.8713e-02) 6.0882e-04(1.7720e-02) 3.1262e-02(-5.2241e-04)
 2.1925e-11(-1.8680e-02) 6.1139e-04(1.7781e-02) 3.1314e-02(-5.2508e-04)
 2.1848e-11(-1.8647e-02) 6.1397e-04(1.7842e-02) 3.1367e-02(-5.2778e-04)
 2.1771e-11(-1.8615e-02) 6.1658e-04(1.7904e-02) 3.1420e-02(-5.3049e-04)
 2.1695e-11(-1.8582e-02) 6.1920e-04(1.7966e-02) 3.1473e-02(-5.3322e-04)
 2.1619e-11(-1.8550e-02) 6.2184e-04(1.8028e-02) 3.1526e-02(-5.3597e-04)
 2.1544e-11(-1.8517e-02) 6.2449e-04(1.8090e-02) 3.1580e-02(-5.3873e-04)
 2.1469e-11(-1.8485e-02) 6.2717e-04(1.8152e-02) 3.1634e-02(-5.4152e-04)
 2.1394e-11(-1.8453e-02) 6.2987e-04(1.8215e-02) 3.1688e-02(-5.4433e-04)
 2.1320e-11(-1.8421e-02) 6.3259e-04(1.8278e-02) 3.1743e-02(-5.4715e-04)
 2.1246e-11(-1.8389e-02) 6.3532e-04(1.8342e-02) 3.1797e-02(-5.5000e-04)
 2.1173e-11(-1.8357e-02) 6.3808e-04(1.8405e-02) 3.1852e-02(-5.5286e-04)
 2.1100e-11(-1.8325e-02) 6.4086e-04(1.8469e-02) 3.1908e-02(-5.5575e-04)
 2.1027e-11(-1.8294e-02) 6.4365e-04(1.8533e-02) 3.1964e-02(-5.5865e-04)
 2.0955e-11(-1.8262e-02) 6.4647e-04(1.8598e-02) 3.2019e-02(-5.6158e-04)
 2.0883e-11(-1.8231e-02) 6.4931e-04(1.8662e-02) 3.2076e-02(-5.6452e-04)
 2.0811e-11(-1.8200e-02) 6.5217e-04(1.8727e-02) 3.2132e-02(-5.6749e-04)
 2.0740e-11(-1.8168e-02) 6.5505e-04(1.8793e-02) 3.2189e-02(-5.7048e-04)
 2.0669e-11(-1.8137e-02) 6.5795e-04(1.8858e-02) 3.2246e-02(-5.7348e-04)
 2.0599e-11(-1.8106e-02) 6.6087e-04(1.8924e-02) 3.2304e-02(-5.7651e-04)
 2.0529e-11(-1.8076e-02) 6.6382e-04(1.8990e-02) 3.2361e-02(-5.7956e-04)
 2.0459e-11(-1.8045e-02) 6.6678e-04(1.9057e-02) 3.2419e-02(-5.8264e-04)
 2.0390e-11(-1.8014e-02) 6.6977e-04(1.9124e-02) 3.2478e-02(-5.8573e-04)
 2.0320e-11(-1.7984e-02) 6.7278e-04(1.9191e-02) 3.2536e-02(-5.8885e-04)
 2.0252e-11(-1.7953e-02) 6.7582e-04(1.9258e-02) 3.2595e-02(-5.9199e-04)
 2.0183e-11(-1.7923e-02) 6.7887e-04(1.9326e-02) 3.2655e-02(-5.9515e-04)
 2.0115e-11(-1.7893e-02) 6.8195e-04(1.9394e-02) 3.2714e-02(-5.9833e-04)
 2.0048e-11(-1.7863e-02) 6.8506e-04(1.9462e-02) 3.2774e-02(-6.0154e-04)
 1.9980e-11(-1.7832e-02) 6.8818e-04(1.9530e-02) 3.2834e-02(-6.0477e-04)
 1.9913e-11(-1.7803e-02) 6.9133e-04(1.9599e-02) 3.2895e-02(-6.0803e-04)
 1.9847e-11(-1.7773e-02) 6.9451e-04(1.9669e-02) 3.2956e-02(-6.1131e-04)
 1.9780e-11(-1.7743e-02) 6.9771e-04(1.9738e-02) 3.3017e-02(-6.1461e-04)
 1.9714e-11(-1.7713e-02) 7.0093e-04(1.9808e-02) 3.3079e-02(-6.1794e-04)
 1.9649e-11(-1.7684e-02) 7.0418e-04(1.9878e-02) 3.3140e-02(-6.2129e-04)
 1.9583e-11(-1.7654e-02) 7.0745e-04(1.9949e-02) 3.3203e-02(-6.2466e-04)
 1.9518e-11(-1.7625e-02) 7.1075e-04(2.0019e-02) 3.3265e-02(-6.2806e-04)
 1.9454e-11(-1.7596e-02) 7.1407e-04(2.0091e-02) 3.3328e-02(-6.3149e-04)
 1.9389e-11(-1.7567e-02) 7.1742e-04(2.0162e-02) 3.3391e-02(-6.3494e-04)
 1.9325e-11(-1.7538e-02) 7.2079e-04(2.0234e-02) 3.3455e-02(-6.3842e-04)
 1.9262e-11(-1.7509e-02) 7.2419e-04(2.0306e-02) 3.3519e-02(-6.4192e-04)
 1.9198e-11(-1.7480e-02) 7.2762e-04(2.0379e-02) 3.3583e-02(-6.4545e-04)
 1.9135e-11(-1.7451e-02) 7.3107e-04(2.0451e-02) 3.3648e-02(-6.4901e-04)
 1.9072e-11(-1.7423e-02) 7.3455e-04(2.0525e-02) 3.3713e-02(-6.5259e-04)
 1.9010e-11(-1.7394e-02) 7.3806e-04(2.0598e-02) 3.3778e-02(-6.5620e-04)
 1.8948e-11(-1.7366e-02) 7.4160e-04(2.0672e-02) 3.3844e-02(-6.5984e-04)
 1.8886e-11(-1.7337e-02) 7.4516e-04(2.0746e-02) 3.3910e-02(-6.6350e-04)
 1.8824e-11(-1.7309e-02) 7.4875e-04(2.0821e-02) 3.3976e-02(-6.6719e-04)
 1.8763e-11(-1.7281e-02) 7.5237e-04(2.0896e-02) 3.4043e-02(-6.7092e-04)
 1.8702e-11(-1.7253e-02) 7.5602e-04(2.0971e-02) 3.4110e-02(-6.7466e-04)
 1.8641e-11(-1.7225e-02) 7.5970e-04(2.1047e-02) 3.4178e-02(-6.7844e-04)
 1.8581e-11(-1.7197e-02) 7.6341e-04(2.1123e-02) 3.4246e-02(-6.8225e-04)
 1.8521e-11(-1.7169e-02) 7.6714e-04(2.1199e-02) 3.4314e-02(-6.8609e-04)
 1.8461e-11(-1.7141e-02) 7.7091e-04(2.1276e-02) 3.4383e-02(-6.8995e-04)
 1.8402e-11(-1.7113e-02) 7.7471e-04(2.1353e-02) 3.4452e-02(-6.9385e-04)
 1.8342e-11(-1.7086e-02) 7.7853e-04(2.1431e-02) 3.4521e-02(-6.9778e-04)
 1.8283e-11(-1.7058e-02) 7.8239e-04(2.1509e-02) 3.4591e-02(-7.0174e-04)
 1.8225e-11(-1.7031e-02) 7.8628e-04(2.1587e-02) 3.4662e-02(-7.0572e-04)
 1.8166e-11(-1.7004e-02) 7.9020e-04(2.1666e-02) 3.4732e-02(-7.0974e-04)
 1.8108e-11(-1.6977e-02) 7.9416e-04(2.1745e-02) 3.4803e-02(-7.1380e-04)
 1.8050e-11(-1.6949e-02) 7.9814e-04(2.1824e-02) 3.4875e-02(-7.1788e-04)
 1.7993e-11(-1.6922e-02) 8.0216e-04(2.1904e-02) 3.4947e-02(-7.2200e-04)
 1.7936e-11(-1.6895e-02) 8.0621e-04(2.1985e-02) 3.5019e-02(-7.2615e-04)
 1.7879e-11(-1.6869e-02) 8.1029e-04(2.2065e-02) 3.5092e-02(-7.3033e-04)
 1.7822e-11(-1.6842e-02) 8.1441e-04(2.2146e-02) 3.5165e-02(-7.3454e-04)
 1.7766e-11(-1.6815e-02) 8.1856e-04(2.2228e-02) 3.5238e-02(-7.3879e-04)
 1.7709e-11(-1.6788e-02) 8.2275e-04(2.2310e-02) 3.5312e-02(-7.4308e-04)
 1.7653e-11(-1.6762e-02) 8.2697e-04(2.2392e-02) 3.5387e-02(-7.4739e-04)
 1.7598e-11(-1.6736e-02) 8.3122e-04(2.2475e-02) 3.5462e-02(-7.5175e-04)
 1.7542e-11(-1.6709e-02) 8.3551e-04(2.2558e-02) 3.5537e-02(-7.5613e-04)
 1.7487e-11(-1.6683e-02) 8.3984e-04(2.2642e-02) 3.5613e-02(-7.6056e-04)
 1.7432e-11(-1.6657e-02) 8.4420e-04(2.2726e-02) 3.5689e-02(-7.6502e-04)
 1.7378e-11(-1.6631e-02) 8.4860e-04(2.2811e-02) 3.5765e-02(-7.6952e-04)
 1.7324e-11(-1.6605e-02) 8.5304e-04(2.2896e-02) 3.5842e-02(-7.7405e-04)
 1.7269e-11(-1.6579e-02) 8.5752e-04(2.2981e-02) 3.5920e-02(-7.7862e-04)
 1.7216e-11(-1.6553e-02) 8.6203e-04(2.3067e-02) 3.5998e-02(-7.8323e-04)
 1.7162e-11(-1.6527e-02) 8.6658e-04(2.3153e-02) 3.6076e-02(-7.8787e-04)
 1.7109e-11(-1.6501e-02) 8.7117e-04(2.3240e-02) 3.6155e-02(-7.9256e-04)
 1.7056e-11(-1.6476e-02) 8.7580e-04(2.3327e-02) 3.6235e-02(-7.9728e-04)
 1.7003e-11(-1.6450e-02) 8.8046e-04(2.3415e-02) 3.6314e-02(-8.0205e-04)
 1.6950e-11(-1.6425e-02) 8.8517e-04(2.3503e-02) 3.6395e-02(-8.0685e-04)
 1.6898e-11(-1.6399e-02) 8.8992e-04(2.3592e-02) 3.6475e-02(-8.1169e-04)
 1.6846e-11(-1.6374e-02) 8.9471e-04(2.3681e-02) 3.6557e-02(-8.1658e-04)
 1.6794e-11(-1.6349e-02) 8.9954e-04(2.3770e-02) 3.6639e-02(-8.2150e-04)
 1.6742e-11(-1.6324e-02) 9.0441e-04(2.3860e-02) 3.6721e-02(-8.2647e-04)
 1.6691e-11(-1.6299e-02) 9.0933e-04(2.3951e-02) 3.6804e-02(-8.3148e-04)
 1.6640e-11(-1.6274e-02) 9.1429e-04(2.4042e-02) 3.6887e-02(-8.3653e-04)
 1.6589e-11(-1.6249e-02) 9.1929e-04(2.4133e-02) 3.6971e-02(-8.4163e-04)
 1.6538e-11(-1.6224e-02) 9.2434e-04(2.4225e-02) 3.7055e-02(-8.4677e-04)
 1.6488e-11(-1.6199e-02) 9.2942e-04(2.4318e-02) 3.7140e-02(-8.5195e-04)
 1.6437e-11(-1.6174e-02) 9.3456e-04(2.4411e-02) 3.7225e-02(-8.5718e-04)
 1.6387e-11(-1.6150e-02) 9.3974e-04(2.4505e-02) 3.7311e-02(-8.6245e-04)
 1.6338e-11(-1.6125e-02) 9.4497e-04(2.4599e-02) 3.7397e-02(-8.6777e-04)
 1.6288e-11(-1.6101e-02) 9.5024e-04(2.4693e-02) 3.7484e-02(-8.7314e-04)
 1.6239e-11(-1.6076e-02) 9.5556e-04(2.4788e-02) 3.7571e-02(-8.7855e-04)
 1.6190e-11(-1.6052e-02) 9.6093e-04(2.4884e-02) 3.7659e-02(-8.8401e-04)
 1.6141e-11(-1.6028e-02) 9.6634e-04(2.4980e-02) 3.7748e-02(-8.8952e-04)
 1.6092e-11(-1.6004e-02) 9.7181e-04(2.5077e-02) 3.7837e-02(-8.9508e-04)
 1.6044e-11(-1.5979e-02) 9.7732e-04(2.5174e-02) 3.7927e-02(-9.0068e-04)
 1.5995e-11(-1.5955e-02) 9.8288e-04(2.5272e-02) 3.8017e-02(-9.0634e-04)
 1.5947e-11(-1.5931e-02) 9.8850e-04(2.5370e-02) 3.8108e-02(-9.1204e-04)
 1.5900e-11(-1.5908e-02) 9.9416e-04(2.5469e-02) 3.8199e-02(-9.1780e-04)
 1.5852e-11(-1.5884e-02) 9.9988e-04(2.5569e-02) 3.8291e-02(-9.2361e-04)
 1.5805e-11(-1.5860e-02) 1.0056e-03(2.5669e-02) 3.8383e-02(-9.2947e-04)
 1.5758e-11(-1.5836e-02) 1.0115e-03(2.5770e-02) 3.8476e-02(-9.3538e-04)
 1.5711e-11(-1.5813e-02) 1.0173e-03(2.5871e-02) 3.8570e-02(-9.4135e-04)
 1.5664e-11(-1.5789e-02) 1.0233e-03(2.5973e-02) 3.8664e-02(-9.4737e-04)
 1.5617e-11(-1.5766e-02) 1.0293e-03(2.6075e-02) 3.8759e-02(-9.5344e-04)
 1.5571e-11(-1.5742e-02) 1.0353e-03(2.6178e-02) 3.8855e-02(-9.5957e-04)
 1.5525e-11(-1.5719e-02) 1.0414e-03(2.6282e-02) 3.8951e-02(-9.6576e-04)
 1.5479e-11(-1.5696e-02) 1.0475e-03(2.6386e-02) 3.9047e-02(-9.7201e-04)
 1.5433e-11(-1.5673e-02) 1.0538e-03(2.6491e-02) 3.9145e-02(-9.7831e-04)
 1.5388e-11(-1.5649e-02) 1.0600e-03(2.6597e-02) 3.9243e-02(-9.8467e-04)
 1.5343e-11(-1.5626e-02) 1.0664e-03(2.6703e-02) 3.9341e-02(-9.9108e-04)
 1.5297e-11(-1.5603e-02) 1.0727e-03(2.6809e-02) 3.9440e-02(-9.9756e-04)
 1.5253e-11(-1.5581e-02) 1.0792e-03(2.6917e-02) 3.9540e-02(-1.0041e-03)
 1.5208e-11(-1.5558e-02) 1.0857e-03(2.7025e-02) 3.9641e-02(-1.0107e-03)
 1.5163e-11(-1.5535e-02) 1.0923e-03(2.7134e-02) 3.9742e-02(-1.0174e-03)
 1.5119e-11(-1.5512e-02) 1.0989e-03(2.7243e-02) 3.9844e-02(-1.0241e-03)
 1.5075e-11(-1.5490e-02) 1.1056e-03(2.7353e-02) 3.9946e-02(-1.0309e-03)
 1.5031e-11(-1.5467e-02) 1.1124e-03(2.7464e-02) 4.0050e-02(-1.0377e-03)
 1.4987e-11(-1.5444e-02) 1.1192e-03(2.7575e-02) 4.0153e-02(-1.0446e-03)
 1.4944e-11(-1.5422e-02) 1.1261e-03(2.7687e-02) 4.0258e-02(-1.0516e-03)
 1.4900e-11(-1.5400e-02) 1.1331e-03(2.7800e-02) 4.0363e-02(-1.0587e-03)
 1.4857e-11(-1.5377e-02) 1.1401e-03(2.7913e-02) 4.0469e-02(-1.0658e-03)
 1.4814e-11(-1.5355e-02) 1.1472e-03(2.8027e-02) 4.0576e-02(-1.0730e-03)
 1.4772e-11(-1.5333e-02) 1.1544e-03(2.8142e-02) 4.0684e-02(-1.0802e-03)
 1.4729e-11(-1.5311e-02) 1.1616e-03(2.8258e-02) 4.0792e-02(-1.0876e-03)
 1.4687e-11(-1.5289e-02) 1.1689e-03(2.8374e-02) 4.0901e-02(-1.0950e-03)
 1.4644e-11(-1.5267e-02) 1.1763e-03(2.8491e-02) 4.1010e-02(-1.1024e-03)
 1.4602e-11(-1.5245e-02) 1.1838e-03(2.8609e-02) 4.1121e-02(-1.1100e-03)
 1.4560e-11(-1.5223e-02) 1.1913e-03(2.8727e-02) 4.1232e-02(-1.1176e-03)
 1.4519e-11(-1.5201e-02) 1.1989e-03(2.8847e-02) 4.1344e-02(-1.1253e-03)
 1.4477e-11(-1.5179e-02) 1.2066e-03(2.8967e-02) 4.1456e-02(-1.1331e-03)
 1.4436e-11(-1.5158e-02) 1.2143e-03(2.9087e-02) 4.1570e-02(-1.1409e-03)
 1.4395e-11(-1.5136e-02) 1.2222e-03(2.9209e-02) 4.1684e-02(-1.1488e-03)
 1.4354e-11(-1.5114e-02) 1.2301e-03(2.9331e-02) 4.1799e-02(-1.1568e-03)
 1.4313e-11(-1.5093e-02) 1.2381e-03(2.9454e-02) 4.1915e-02(-1.1649e-03)
 1.4272e-11(-1.5071e-02) 1.2462e-03(2.9578e-02) 4.2031e-02(-1.1731e-03)
 1.4232e-11(-1.5050e-02) 1.2543e-03(2.9703e-02) 4.2149e-02(-1.1813e-03)
 1.4191e-11(-1.5029e-02) 1.2626e-03(2.9829e-02) 4.2267e-02(-1.1897e-03)
 1.4151e-11(-1.5008e-02) 1.2709e-03(2.9955e-02) 4.2386e-02(-1.1981e-03)
 1.4111e-11(-1.4986e-02) 1.2793e-03(3.0082e-02) 4.2506e-02(-1.2066e-03)
 1.4072e-11(-1.4965e-02) 1.2878e-03(3.0210e-02) 4.2627e-02(-1.2152e-03)
 1.4032e-11(-1.4944e-02) 1.2964e-03(3.0339e-02) 4.2749e-02(-1.2238e-03)
 1.3993e-11(-1.4923e-02) 1.3051e-03(3.0469e-02) 4.2871e-02(-1.2326e-03)
 1.3953e-11(-1.4902e-02) 1.3139e-03(3.0600e-02) 4.2994e-02(-1.2415e-03)
 1.3914e-11(-1.4881e-02) 1.3227e-03(3.0731e-02) 4.3119e-02(-1.2504e-03)
 1.3875e-11(-1.4860e-02) 1.3317e-03(3.0864e-02) 4.3244e-02(-1.2595e-03)
 1.3836e-11(-1.4840e-02) 1.3408e-03(3.0997e-02) 4.3370e-02(-1.2686e-03)
 1.3798e-11(-1.4819e-02) 1.3499e-03(3.1131e-02) 4.3497e-02(-1.2778e-03)
 1.3759e-11(-1.4798e-02) 1.3592e-03(3.1266e-02) 4.3625e-02(-1.2872e-03)
 1.3721e-11(-1.4778e-02) 1.3685e-03(3.1402e-02) 4.3754e-02(-1.2966e-03)
 1.3683e-11(-1.4757e-02) 1.3779e-03(3.1539e-02) 4.3884e-02(-1.3061e-03)
 1.3645e-11(-1.4737e-02) 1.3875e-03(3.1677e-02) 4.4014e-02(-1.3158e-03)
 1.3607e-11(-1.4716e-02) 1.3972e-03(3.1816e-02) 4.4146e-02(-1.3255e-03)
 1.3569e-11(-1.4696e-02) 1.4069e-03(3.1956e-02) 4.4279e-02(-1.3353e-03)
 1.3532e-11(-1.4675e-02) 1.4168e-03(3.2097e-02) 4.4412e-02(-1.3453e-03)
 1.3495e-11(-1.4655e-02) 1.4267e-03(3.2239e-02) 4.4547e-02(-1.3553e-03)
 1.3457e-11(-1.4635e-02) 1.4368e-03(3.2381e-02) 4.4683e-02(-1.3655e-03)
 1.3420e-11(-1.4615e-02) 1.4470e-03(3.2525e-02) 4.4819e-02(-1.3758e-03)
 1.3383e-11(-1.4595e-02) 1.4573e-03(3.2670e-02) 4.4957e-02(-1.3862e-03)
 1.3347e-11(-1.4575e-02) 1.4677e-03(3.2816e-02) 4.5096e-02(-1.3967e-03)
 1.3310e-11(-1.4555e-02) 1.4783e-03(3.2963e-02) 4.5236e-02(-1.4073e-03)
 1.3274e-11(-1.4535e-02) 1.4889e-03(3.3111e-02) 4.5377e-02(-1.4180e-03)
 1.3237e-11(-1.4515e-02) 1.4997e-03(3.3260e-02) 4.5519e-02(-1.4289e-03)
 1.3201e-11(-1.4495e-02) 1.5106e-03(3.3410e-02) 4.5662e-02(-1.4398e-03)
 1.3165e-11(-1.4475e-02) 1.5216e-03(3.3561e-02) 4.5806e-02(-1.4509e-03)
 1.3129e-11(-1.4455e-02) 1.5327e-03(3.3713e-02) 4.5951e-02(-1.4622e-03)
 1.3094e-11(-1.4436e-02) 1.5440e-03(3.3867e-02) 4.6097e-02(-1.4735e-03)
 1.3058e-11(-1.4416e-02) 1.5554e-03(3.4021e-02) 4.6245e-02(-1.4850e-03)
 1.3023e-11(-1.4397e-02) 1.5669e-03(3.4177e-02) 4.6393e-02(-1.4966e-03)
 1.2987e-11(-1.4377e-02) 1.5786e-03(3.4334e-02) 4.6543e-02(-1.5083e-03)
 1.2952e-11(-1.4358e-02) 1.5904e-03(3.4492e-02) 4.6694e-02(-1.5202e-03)
 1.2917e-11(-1.4338e-02) 1.6023e-03(3.4651e-02) 4.6846e-02(-1.5322e-03)
 1.2883e-11(-1.4319e-02) 1.6144e-03(3.4811e-02) 4.7000e-02(-1.5444e-03)
 1.2848e-11(-1.4300e-02) 1.6266e-03(3.4973e-02) 4.7154e-02(-1.5566e-03)
 1.2813e-11(-1.4280e-02) 1.6389e-03(3.5136e-02) 4.7310e-02(-1.5691e-03)
 1.2779e-11(-1.4261e-02) 1.6514e-03(3.5300e-02) 4.7467e-02(-1.5817e-03)
 1.2745e-11(-1.4242e-02) 1.6641e-03(3.5465e-02) 4.7625e-02(-1.5944e-03)
 1.2710e-11(-1.4223e-02) 1.6769e-03(3.5632e-02) 4.7785e-02(-1.6073e-03)
 1.2676e-11(-1.4204e-02) 1.6898e-03(3.5799e-02) 4.7946e-02(-1.6203e-03)
 1.2643e-11(-1.4185e-02) 1.7029e-03(3.5969e-02) 4.8108e-02(-1.6335e-03)
 1.2609e-11(-1.4166e-02) 1.7162e-03(3.6139e-02) 4.8272e-02(-1.6468e-03)
 1.2575e-11(-1.4147e-02) 1.7296e-03(3.6311e-02) 4.8436e-02(-1.6603e-03)
 1.2542e-11(-1.4128e-02) 1.7432e-03(3.6484e-02) 4.8603e-02(-1.6740e-03)
 1.2508e-11(-1.4109e-02) 1.7569e-03(3.6658e-02) 4.8770e-02(-1.6878e-03)
 1.2475e-11(-1.4091e-02) 1.7708e-03(3.6834e-02) 4.8939e-02(-1.7018e-03)
 1.2442e-11(-1.4072e-02) 1.7849e-03(3.7011e-02) 4.9109e-02(-1.7159e-03)
 1.2409e-11(-1.4053e-02) 1.7992e-03(3.7190e-02) 4.9281e-02(-1.7303e-03)
 1.2376e-11(-1.4035e-02) 1.8136e-03(3.7370e-02) 4.9454e-02(-1.7448e-03)
 1.2344e-11(-1.4016e-02) 1.8282e-03(3.7551e-02) 4.9629e-02(-1.7595e-03)
 1.2311e-11(-1.3998e-02) 1.8430e-03(3.7734e-02) 4.9805e-02(-1.7743e-03)
 1.2279e-11(-1.3979e-02) 1.8580e-03(3.7919e-02) 4.9982e-02(-1.7894e-03)
 1.2246e-11(-1.3961e-02) 1.8731e-03(3.8105e-02) 5.0161e-02(-1.8046e-03)
 1.2214e-11(-1.3943e-02) 1.8885e-03(3.8292e-02) 5.0342e-02(-1.8201e-03)
 1.2182e-11(-1.3924e-02) 1.9040e-03(3.8481e-02) 5.0524e-02(-1.8357e-03)
 1.2150e-11(-1.3906e-02) 1.9198e-03(3.8672e-02) 5.0708e-02(-1.8515e-03)
 1.2119e-11(-1.3888e-02) 1.9357e-03(3.8864e-02) 5.0893e-02(-1.8675e-03)
 1.2087e-11(-1.3870e-02) 1.9519e-03(3.9057e-02) 5.1080e-02(-1.8838e-03)
 1.2055e-11(-1.3852e-02) 1.9682e-03(3.9253e-02) 5.1269e-02(-1.9002e-03)
 1.2024e-11(-1.3834e-02) 1.9848e-03(3.9450e-02) 5.1459e-02(-1.9168e-03)
 1.1993e-11(-1.3816e-02) 2.0016e-03(3.9648e-02) 5.1650e-02(-1.9337e-03)
 1.1961e-11(-1.3798e-02) 2.0186e-03(3.9849e-02) 5.1844e-02(-1.9508e-03)
 1.1930e-11(-1.3780e-02) 2.0358e-03(4.0050e-02) 5.2039e-02(-1.9681e-03)
 1.1900e-11(-1.3762e-02) 2.0533e-03(4.0254e-02) 5.2236e-02(-1.9856e-03)
 1.1869e-11(-1.3744e-02) 2.0709e-03(4.0460e-02) 5.2435e-02(-2.0034e-03)
 1.1838e-11(-1.3726e-02) 2.0889e-03(4.0667e-02) 5.2635e-02(-2.0214e-03)
 1.1807e-11(-1.3708e-02) 2.1070e-03(4.0876e-02) 5.2837e-02(-2.0396e-03)
 1.1777e-11(-1.3691e-02) 2.1254e-03(4.1087e-02) 5.3042e-02(-2.0581e-03)
 1.1747e-11(-1.3673e-02) 2.1441e-03(4.1299e-02) 5.3247e-02(-2.0768e-03)
 1.1716e-11(-1.3656e-02) 2.1629e-03(4.1514e-02) 5.3455e-02(-2.0957e-03)
 1.1686e-11(-1.3638e-02) 2.1821e-03(4.1730e-02) 5.3665e-02(-2.1150e-03)
 1.1656e-11(-1.3620e-02) 2.2015e-03(4.1948e-02) 5.3876e-02(-2.1345e-03)
 1.1626e-11(-1.3603e-02) 2.2212e-03(4.2169e-02) 5.4090e-02(-2.1542e-03)
 1.1597e-11(-1.3586e-02) 2.2411e-03(4.2391e-02) 5.4306e-02(-2.1742e-03)
 1.1567e-11(-1.3568e-02) 2.2613e-03(4.2615e-02) 5.4523e-02(-2.1945e-03)
 1.1538e-11(-1.3551e-02) 2.2818e-03(4.2841e-02) 5.4743e-02(-2.2151e-03)
 1.1508e-11(-1.3534e-02) 2.3026e-03(4.3070e-02) 5.4964e-02(-2.2360e-03)
 1.1479e-11(-1.3516e-02) 2.3237e-03(4.3300e-02) 5.5188e-02(-2.2571e-03)
 1.1450e-11(-1.3499e-02) 2.3451e-03(4.3532e-02) 5.5414e-02(-2.2786e-03)
 1.1421e-11(-1.3482e-02) 2.3668e-03(4.3767e-02) 5.5642e-02(-2.3003e-03)
 1.1392e-11(-1.3465e-02) 2.3887e-03(4.4004e-02) 5.5872e-02(-2.3224e-03)
 1.1363e-11(-1.3448e-02) 2.4110e-03(4.4243e-02) 5.6104e-02(-2.3447e-03)
 1.1334e-11(-1.3431e-02) 2.4336e-03(4.4484e-02) 5.6338e-02(-2.3674e-03)
 1.1305e-11(-1.3414e-02) 2.4566e-03(4.4727e-02) 5.6575e-02(-2.3904e-03)
 1.1277e-11(-1.3397e-02) 2.4798e-03(4.4973e-02) 5.6814e-02(-2.4138e-03)
 1.1248e-11(-1.3380e-02) 2.5035e-03(4.5221e-02) 5.7056e-02(-2.4374e-03)
 1.1220e-11(-1.3363e-02) 2.5274e-03(4.5471e-02) 5.7300e-02(-2.4615e-03)
 1.1192e-11(-1.3346e-02) 2.5517e-03(4.5724e-02) 5.7546e-02(-2.4858e-03)
 1.1164e-11(-1.3330e-02) 2.5764e-03(4.5979e-02) 5.7794e-02(-2.5106e-03)
 1.1136e-11(-1.3313e-02) 2.6014e-03(4.6237e-02) 5.8045e-02(-2.5357e-03)
 1.1108e-11(-1.3296e-02) 2.6268e-03(4.6497e-02) 5.8299e-02(-2.5611e-03)
 1.1080e-11(-1.3280e-02) 2.6526e-03(4.6760e-02) 5.8555e-02(-2.5870e-03)
 1.1052e-11(-1.3263e-02) 2.6787e-03(4.7025e-02) 5.8814e-02(-2.6132e-03)
 1.1025e-11(-1.3246e-02) 2.7053e-03(4.7293e-02) 5.9075e-02(-2.6398e-03)
 1.0997e-11(-1.3230e-02) 2.7322e-03(4.7563e-02) 5.9339e-02(-2.6669e-03)
 1.0970e-11(-1.3213e-02) 2.7596e-03(4.7836e-02) 5.9606e-02(-2.6943e-03)
 1.0943e-11(-1.3197e-02) 2.7874e-03(4.8112e-02) 5.9875e-02(-2.7222e-03)
 1.0916e-11(-1.3181e-02) 2.8156e-03(4.8391e-02) 6.0147e-02(-2.7505e-03)
 1.0888e-11(-1.3164e-02) 2.8443e-03(4.8673e-02) 6.0422e-02(-2.7792e-03)
 1.0862e-11(-1.3148e-02) 2.8734e-03(4.8957e-02) 6.0700e-02(-2.8084e-03)
 1.0835e-11(-1.3132e-02) 2.9029e-03(4.9244e-02) 6.0981e-02(-2.8380e-03)
 1.0808e-11(-1.3115e-02) 2.9329e-03(4.9534e-02) 6.1265e-02(-2.8681e-03)
 1.0781e-11(-1.3099e-02) 2.9634e-03(4.9828e-02) 6.1551e-02(-2.8986e-03)
 1.0755e-11(-1.3083e-02) 2.9944e-03(5.0124e-02) 6.1841e-02(-2.9297e-03)
 1.0728e-11(-1.3067e-02) 3.0259e-03(5.0423e-02) 6.2134e-02(-2.9612e-03)
 1.0702e-11(-1.3051e-02) 3.0578e-03(5.0726e-02) 6.2430e-02(-2.9933e-03)
 1.0676e-11(-1.3035e-02) 3.0903e-03(5.1031e-02) 6.2729e-02(-3.0258e-03)
 1.0649e-11(-1.3019e-02) 3.1233e-03(5.1340e-02) 6.3032e-02(-3.0589e-03)
 1.0623e-11(-1.3003e-02) 3.1569e-03(5.1652e-02) 6.3338e-02(-3.0926e-03)
 1.0597e-11(-1.2987e-02) 3.1910e-03(5.1968e-02) 6.3647e-02(-3.1267e-03)
 1.0571e-11(-1.2971e-02) 3.2257e-03(5.2287e-02) 6.3959e-02(-3.1615e-03)
 1.0546e-11(-1.2955e-02) 3.2609e-03(5.2609e-02) 6.4275e-02(-3.1968e-03)
 1.0520e-11(-1.2939e-02) 3.2967e-03(5.2935e-02) 6.4595e-02(-3.2327e-03)
 1.0494e-11(-1.2924e-02) 3.3332e-03(5.3265e-02) 6.4918e-02(-3.2692e-03)
 1.0469e-11(-1.2908e-02) 3.3702e-03(5.3598e-02) 6.5244e-02(-3.3063e-03)
 1.0443e-11(-1.2892e-02) 3.4079e-03(5.3935e-02) 6.5575e-02(-3.3440e-03)
 1.0418e-11(-1.2877e-02) 3.4462e-03(5.4275e-02) 6.5909e-02(-3.3824e-03)
 1.0393e-11(-1.2861e-02) 3.4852e-03(5.4619e-02) 6.6247e-02(-3.4215e-03)
 1.0368e-11(-1.2845e-02) 3.5248e-03(5.4968e-02) 6.6589e-02(-3.4612e-03)
 1.0343e-11(-1.2830e-02) 3.5651e-03(5.5320e-02) 6.6934e-02(-3.5016e-03)
 1.0318e-11(-1.2814e-02) 3.6062e-03(5.5676e-02) 6.7284e-02(-3.5427e-03)
 1.0293e-11(-1.2799e-02) 3.6479e-03(5.6036e-02) 6.7638e-02(-3.5845e-03)
 1.0268e-11(-1.2784e-02) 3.6904e-03(5.6401e-02) 6.7996e-02(-3.6271e-03)
 1.0243e-11(-1.2768e-02) 3.7337e-03(5.6769e-02) 6.8359e-02(-3.6704e-03)
 1.0219e-11(-1.2753e-02) 3.7777e-03(5.7142e-02) 6.8725e-02(-3.7144e-03)
 1.0194e-11(-1.2737e-02) 3.8225e-03(5.7520e-02) 6.9096e-02(-3.7593e-03)
 1.0170e-11(-1.2722e-02) 3.8681e-03(5.7901e-02) 6.9472e-02(-3.8050e-03)
 1.0145e-11(-1.2707e-02) 3.9145e-03(5.8288e-02) 6.9852e-02(-3.8515e-03)
 1.0121e-11(-1.2692e-02) 3.9618e-03(5.8679e-02) 7.0236e-02(-3.8989e-03)
 1.0097e-11(-1.2677e-02) 4.0100e-03(5.9074e-02) 7.0626e-02(-3.9471e-03)
 1.0073e-11(-1.2661e-02) 4.0590e-03(5.9475e-02) 7.1020e-02(-3.9962e-03)
 1.0049e-11(-1.2646e-02) 4.1090e-03(5.9880e-02) 7.1419e-02(-4.0462e-03)
 1.0025e-11(-1.2631e-02) 4.1599e-03(6.0290e-02) 7.1823e-02(-4.0972e-03)
 1.0001e-11(-1.2616e-02) 4.2117e-03(6.0706e-02) 7.2232e-02(-4.1491e-03)
 9.9773e-12(-1.2601e-02) 4.2646e-03(6.1126e-02) 7.2646e-02(-4.2020e-03)
 9.9537e-12(-1.2586e-02) 4.3184e-03(6.1552e-02) 7.3066e-02(-4.2559e-03)
 9.9301e-12(-1.2571e-02) 4.3733e-03(6.1983e-02) 7.3490e-02(-4.3109e-03)
 9.9066e-12(-1.2557e-02) 4.4292e-03(6.2419e-02) 7.3921e-02(-4.3669e-03)
 9.8832e-12(-1.2542e-02) 4.4863e-03(6.2861e-02) 7.4357e-02(-4.4240e-03)
 9.8599e-12(-1.2527e-02) 4.5444e-03(6.3309e-02) 7.4798e-02(-4.4822e-03)
 9.8366e-12(-1.2512e-02) 4.6037e-03(6.3763e-02) 7.5245e-02(-4.5416e-03)
 9.8135e-12(-1.2497e-02) 4.6642e-03(6.4222e-02) 7.5699e-02(-4.6021e-03)
 9.7904e-12(-1.2483e-02) 4.7258e-03(6.4687e-02) 7.6158e-02(-4.6638e-03)
 9.7674e-12(-1.2468e-02) 4.7887e-03(6.5159e-02) 7.6623e-02(-4.7268e-03)
 9.7445e-12(-1.2453e-02) 4.8529e-03(6.5637e-02) 7.7095e-02(-4.7911e-03)
 9.7216e-12(-1.2439e-02) 4.9184e-03(6.6121e-02) 7.7572e-02(-4.8566e-03)
 9.6989e-12(-1.2424e-02) 4.9853e-03(6.6611e-02) 7.8057e-02(-4.9235e-03)
 9.6762e-12(-1.2410e-02) 5.0535e-03(6.7109e-02) 7.8548e-02(-4.9918e-03)
 9.6536e-12(-1.2395e-02) 5.1231e-03(6.7613e-02) 7.9046e-02(-5.0615e-03)
 9.6311e-12(-1.2381e-02) 5.1942e-03(6.8123e-02) 7.9551e-02(-5.1327e-03)
 9.6087e-12(-1.2366e-02) 5.2668e-03(6.8641e-02) 8.0062e-02(-5.2053e-03)
 9.5863e-12(-1.2352e-02) 5.3409e-03(6.9167e-02) 8.0581e-02(-5.2795e-03)
 9.5640e-12(-1.2338e-02) 5.4166e-03(6.9699e-02) 8.1108e-02(-5.3553e-03)
 9.5418e-12(-1.2323e-02) 5.4940e-03(7.0239e-02) 8.1642e-02(-5.4327e-03)
 9.5197e-12(-1.2309e-02) 5.5730e-03(7.0787e-02) 8.2183e-02(-5.5118e-03)
 9.4976e-12(-1.2295e-02) 5.6537e-03(7.1342e-02) 8.2732e-02(-5.5926e-03)
 9.4757e-12(-1.2280e-02) 5.7362e-03(7.1906e-02) 8.3290e-02(-5.6752e-03)
 9.4538e-12(-1.2266e-02) 5.8206e-03(7.2477e-02) 8.3855e-02(-5.7596e-03)
 9.4320e-12(-1.2252e-02) 5.9068e-03(7.3057e-02) 8.4429e-02(-5.8459e-03)
 9.4102e-12(-1.2238e-02) 5.9950e-03(7.3646e-02) 8.5011e-02(-5.9341e-03)
 9.3885e-12(-1.2224e-02) 6.0851e-03(7.4243e-02) 8.5602e-02(-6.0243e-03)
 9.3669e-12(-1.2210e-02) 6.1774e-03(7.4849e-02) 8.6202e-02(-6.1166e-03)
 9.3454e-12(-1.2196e-02) 6.2717e-03(7.5464e-02) 8.6812e-02(-6.2110e-03)
 9.3240e-12(-1.2182e-02) 6.3682e-03(7.6089e-02) 8.7430e-02(-6.3076e-03)
 9.3026e-12(-1.2168e-02) 6.4670e-03(7.6723e-02) 8.8058e-02(-6.4065e-03)
 9.2813e-12(-1.2154e-02) 6.5681e-03(7.7366e-02) 8.8696e-02(-6.5076e-03)
 9.2601e-12(-1.2140e-02) 6.6716e-03(7.8020e-02) 8.9344e-02(-6.6112e-03)
 9.2389e-12(-1.2126e-02) 6.7776e-03(7.8684e-02) 9.0002e-02(-6.7172e-03)
 9.2178e-12(-1.2112e-02) 6.8861e-03(7.9359e-02) 9.0670e-02(-6.8258e-03)
 9.1968e-12(-1.2098e-02) 6.9973e-03(8.0044e-02) 9.1349e-02(-6.9371e-03)
 9.1759e-12(-1.2085e-02) 7.1112e-03(8.0740e-02) 9.2039e-02(-7.0510e-03)
 9.1550e-12(-1.2071e-02) 7.2279e-03(8.1447e-02) 9.2740e-02(-7.1678e-03)
 9.1342e-12(-1.2057e-02) 7.3475e-03(8.2166e-02) 9.3453e-02(-7.2874e-03)
 9.1135e-12(-1.2044e-02) 7.4701e-03(8.2897e-02) 9.4178e-02(-7.4101e-03)
 9.0929e-12(-1.2030e-02) 7.5958e-03(8.3639e-02) 9.4915e-02(-7.5359e-03)
 9.0723e-12(-1.2016e-02) 7.7247e-03(8.4394e-02) 9.5664e-02(-7.6649e-03)
 9.0518e-12(-1.2003e-02) 7.8569e-03(8.5162e-02) 9.6425e-02(-7.7971e-03)
 9.0313e-12(-1.1989e-02) 7.9926e-03(8.5943e-02) 9.7200e-02(-7.9329e-03)
 9.0109e-12(-1.1976e-02) 8.1318e-03(8.6737e-02) 9.7988e-02(-8.0721e-03)
 8.9906e-12(-1.1962e-02) 8.2747e-03(8.7544e-02) 9.8790e-02(-8.2151e-03)
 8.9704e-12(-1.1949e-02) 8.4214e-03(8.8366e-02) 9.9606e-02(-8.3618e-03)
 8.9502e-12(-1.1935e-02) 8.5720e-03(8.9202e-02) 1.0044e-01(-8.5125e-03)
 8.9301e-12(-1.1922e-02) 8.7267e-03(9.0053e-02) 1.0128e-01(-8.6673e-03)
 8.9101e-12(-1.1908e-02) 8.8856e-03(9.0919e-02) 1.0214e-01(-8.8263e-03)
 8.8901e-12(-1.1895e-02) 9.0490e-03(9.1801e-02) 1.0302e-01(-8.9897e-03)
 8.8702e-12(-1.1882e-02) 9.2168e-03(9.2698e-02) 1.0391e-01(-9.1576e-03)
 8.8504e-12(-1.1868e-02) 9.3894e-03(9.3613e-02) 1.0482e-01(-9.3303e-03)
 8.8306e-12(-1.1855e-02) 9.5669e-03(9.4543e-02) 1.0574e-01(-9.5078e-03)
 8.8109e-12(-1.1842e-02) 9.7495e-03(9.5492e-02) 1.0668e-01(-9.6905e-03)
 8.7913e-12(-1.1829e-02) 9.9373e-03(9.6458e-02) 1.0764e-01(-9.8784e-03)
 8.7717e-12(-1.1816e-02) 1.0131e-02(9.7442e-02) 1.0862e-01(-1.0072e-02)
 8.7522e-12(-1.1802e-02) 1.0330e-02(9.8446e-02) 1.0962e-01(-1.0271e-02)
 8.7328e-12(-1.1789e-02) 1.0535e-02(9.9469e-02) 1.1064e-01(-1.0476e-02)
 8.7134e-12(-1.1776e-02) 1.0746e-02(1.0051e-01) 1.1167e-01(-1.0687e-02)
 8.6941e-12(-1.1763e-02) 1.0963e-02(1.0157e-01) 1.1273e-01(-1.0905e-02)
 8.6749e-12(-1.1750e-02) 1.1187e-02(1.0266e-01) 1.1381e-01(-1.1129e-02)
 8.6557e-12(-1.1737e-02) 1.1419e-02(1.0377e-01) 1.1491e-01(-1.1360e-02)
 8.6366e-12(-1.1724e-02) 1.1657e-02(1.0489e-01) 1.1603e-01(-1.1599e-02)
 8.6175e-12(-1.1711e-02) 1.1903e-02(1.0605e-01) 1.1718e-01(-1.1844e-02)
 8.5985e-12(-1.1698e-02) 1.2157e-02(1.0722e-01) 1.1835e-01(-1.2098e-02)
 8.5796e-12(-1.1685e-02) 1.2419e-02(1.0842e-01) 1.1954e-01(-1.2360e-02)
 8.5607e-12(-1.1673e-02) 1.2689e-02(1.0965e-01) 1.2076e-01(-1.2631e-02)
 8.5419e-12(-1.1660e-02) 1.2969e-02(1.1090e-01) 1.2201e-01(-1.2910e-02)
 8.5232e-12(-1.1647e-02) 1.3257e-02(1.1218e-01) 1.2328e-01(-1.3199e-02)
 8.5045e-12(-1.1634e-02) 1.3556e-02(1.1349e-01) 1.2458e-01(-1.3498e-02)
 8.4859e-12(-1.1621e-02) 1.3864e-02(1.1482e-01) 1.2591e-01(-1.3806e-02)
 8.4673e-12(-1.1609e-02) 1.4184e-02(1.1619e-01) 1.2727e-01(-1.4126e-02)
 8.4488e-12(-1.1596e-02) 1.4514e-02(1.1758e-01) 1.2866e-01(-1.4456e-02)
 8.4304e-12(-1.1583e-02) 1.4856e-02(1.1901e-01) 1.3009e-01(-1.4798e-02)
 8.4120e-12(-1.1571e-02) 1.5210e-02(1.2047e-01) 1.3154e-01(-1.5153e-02)
 8.3937e-12(-1.1558e-02) 1.5577e-02(1.2197e-01) 1.3303e-01(-1.5520e-02)
 8.3754e-12(-1.1546e-02) 1.5958e-02(1.2350e-01) 1.3455e-01(-1.5900e-02)
 8.3572e-12(-1.1533e-02) 1.6352e-02(1.2506e-01) 1.3611e-01(-1.6295e-02)
 8.3391e-12(-1.1520e-02) 1.6762e-02(1.2667e-01) 1.3771e-01(-1.6704e-02)
 8.3210e-12(-1.1508e-02) 1.7186e-02(1.2831e-01) 1.3935e-01(-1.7129e-02)
 8.3030e-12(-1.1495e-02) 1.7628e-02(1.2999e-01) 1.4103e-01(-1.7570e-02)
 8.2850e-12(-1.1483e-02) 1.8086e-02(1.3172e-01) 1.4275e-01(-1.8028e-02)
 8.2671e-12(-1.1471e-02) 1.8562e-02(1.3349e-01) 1.4451e-01(-1.8505e-02)
 8.2493e-12(-1.1458e-02) 1.9057e-02(1.3530e-01) 1.4632e-01(-1.9000e-02)
 8.2315e-12(-1.1446e-02) 1.9572e-02(1.3716e-01) 1.4818e-01(-1.9515e-02)
 8.2138e-12(-1.1434e-02) 2.0109e-02(1.3907e-01) 1.5008e-01(-2.0052e-02)
 8.1961e-12(-1.1421e-02) 2.0667e-02(1.4103e-01) 1.5203e-01(-2.0610e-02)
 8.1785e-12(-1.1409e-02) 2.1249e-02(1.4305e-01) 1.5404e-01(-2.1192e-02)
 8.1609e-12(-1.1397e-02) 2.1856e-02(1.4511e-01) 1.5610e-01(-2.1799e-02)
 8.1434e-12(-1.1384e-02) 2.2489e-02(1.4724e-01) 1.5822e-01(-2.2432e-02)
 8.1260e-12(-1.1372e-02) 2.3150e-02(1.4942e-01) 1.6040e-01(-2.3093e-02)
 8.1086e-12(-1.1360e-02) 2.3840e-02(1.5167e-01) 1.6264e-01(-2.3783e-02)
 8.0912e-12(-1.1348e-02) 2.4561e-02(1.5398e-01) 1.6494e-01(-2.4504e-02)
 8.0739e-12(-1.1336e-02) 2.5315e-02(1.5635e-01) 1.6732e-01(-2.5258e-02)
 8.0567e-12(-1.1324e-02) 2.6104e-02(1.5880e-01) 1.6976e-01(-2.6048e-02)
 8.0396e-12(-1.1312e-02) 2.6931e-02(1.6132e-01) 1.7227e-01(-2.6874e-02)
 8.0224e-12(-1.1300e-02) 2.7797e-02(1.6392e-01) 1.7486e-01(-2.7740e-02)
 8.0054e-12(-1.1288e-02) 2.8705e-02(1.6659e-01) 1.7753e-01(-2.8648e-02)
 7.9884e-12(-1.1276e-02) 2.9658e-02(1.6935e-01) 1.8028e-01(-2.9601e-02)
 7.9714e-12(-1.1264e-02) 3.0658e-02(1.7219e-01) 1.8312e-01(-3.0602e-02)
 7.9545e-12(-1.1252e-02) 3.1710e-02(1.7513e-01) 1.8605e-01(-3.1654e-02)
 7.9377e-12(-1.1240e-02) 3.2816e-02(1.7816e-01) 1.8907e-01(-3.2760e-02)
 7.9209e-12(-1.1228e-02) 3.3981e-02(1.8129e-01) 1.9220e-01(-3.3925e-02)
 7.9042e-12(-1.1216e-02) 3.5208e-02(1.8452e-01) 1.9542e-01(-3.5152e-02)
 7.8875e-12(-1.1204e-02) 3.6502e-02(1.8786e-01) 1.9876e-01(-3.6446e-02)
 7.8708e-12(-1.1192e-02) 3.7868e-02(1.9132e-01) 2.0221e-01(-3.7812e-02)
 7.8543e-12(-1.1181e-02) 3.9311e-02(1.9490e-01) 2.0579e-01(-3.9255e-02)
 7.8377e-12(-1.1169e-02) 4.0837e-02(1.9860e-01) 2.0949e-01(-4.0781e-02)
 7.8213e-12(-1.1157e-02) 4.2452e-02(2.0244e-01) 2.1332e-01(-4.2396e-02)
 7.8048e-12(-1.1145e-02) 4.4164e-02(2.0642e-01) 2.1729e-01(-4.4108e-02)
 7.7885e-12(-1.1134e-02) 4.5980e-02(2.1054e-01) 2.2141e-01(-4.5924e-02)
 7.7721e-12(-1.1122e-02) 4.7908e-02(2.1482e-01) 2.2568e-01(-4.7853e-02)
 7.7559e-12(-1.1110e-02) 4.9959e-02(2.1926e-01) 2.3012e-01(-4.9903e-02)
 7.7397e-12(-1.1099e-02) 5.2141e-02(2.2388e-01) 2.3472e-01(-5.2086e-02)
 7.7235e-12(-1.1087e-02) 5.4468e-02(2.2867e-01) 2.3951e-01(-5.4412e-02)
 7.7074e-12(-1.1076e-02) 5.6950e-02(2.3366e-01) 2.4449e-01(-5.6895e-02)
 7.6913e-12(-1.1064e-02) 5.9603e-02(2.3884e-01) 2.4967e-01(-5.9547e-02)
 7.6753e-12(-1.1052e-02) 6.2441e-02(2.4424e-01) 2.5507e-01(-6.2386e-02)
 7.6593e-12(-1.1041e-02) 6.5483e-02(2.4987e-01) 2.6069e-01(-6.5428e-02)
 7.6434e-12(-1.1029e-02) 6.8747e-02(2.5573e-01) 2.6654e-01(-6.8692e-02)
 7.6275e-12(-1.1018e-02) 7.2256e-02(2.6184e-01) 2.7265e-01(-7.2201e-02)
 7.6117e-12(-1.1007e-02) 7.6033e-02(2.6822e-01) 2.7902e-01(-7.5978e-02)
 7.5960e-12(-1.0995e-02) 8.0105e-02(2.7487e-01) 2.8567e-01(-8.0050e-02)
 7.5802e-12(-1.0984e-02) 8.4505e-02(2.8183e-01) 2.9262e-01(-8.4450e-02)
 7.5646e-12(-1.0972e-02) 8.9265e-02(2.8909e-01) 2.9988e-01(-8.9210e-02)
 7.5490e-12(-1.0961e-02) 9.4425e-02(2.9668e-01) 3.0746e-01(-9.4371e-02)
 7.5334e-12(-1.0950e-02) 1.0003e-01(3.0462e-01) 3.1540e-01(-9.9976e-02)
 7.5179e-12(-1.0938e-02) 1.0613e-01(3.1292e-01) 3.2370e-01(-1.0608e-01)
 7.5024e-12(-1.0927e-02) 1.1278e-01(3.2161e-01) 3.3238e-01(-1.1273e-01)
 7.4870e-12(-1.0916e-02) 1.2005e-01(3.3069e-01) 3.4145e-01(-1.2000e-01)
 7.4716e-12(-1.0905e-02) 1.2802e-01(3.4019e-01) 3.5095e-01(-1.2796e-01)
 7.4562e-12(-1.0894e-02) 1.3676e-01(3.5013e-01) 3.6088e-01(-1.3670e-01)
 7.4409e-12(-1.0882e-02) 1.4638e-01(3.6050e-01) 3.7125e-01(-1.4632e-01)
 7.4257e-12(-1.0871e-02) 1.5698e-01(3.7133e-01) 3.8207e-01(-1.5693e-01)
 7.4105e-12(-1.0860e-02) 1.6871e-01(3.8261e-01) 3.9334e-01(-1.6866e-01)
 7.3954e-12(-1.0849e-02) 1.8171e-01(3.9434e-01) 4.0507e-01(-1.8166e-01)
 7.3803e-12(-1.0838e-02) 1.9615e-01(4.0650e-01) 4.1722e-01(-1.9610e-01)
 7.3652e-12(-1.0827e-02) 2.1223e-01(4.1905e-01) 4.2977e-01(-2.1218e-01)
 7.3502e-12(-1.0816e-02) 2.3019e-01(4.3195e-01) 4.4266e-01(-2.3013e-01)
 7.3352e-12(-1.0805e-02) 2.5027e-01(4.4509e-01) 4.5579e-01(-2.5022e-01)
 7.3203e-12(-1.0794e-02) 2.7279e-01(4.5834e-01) 4.6904e-01(-2.7273e-01)
 7.3055e-12(-1.0783e-02) 2.9807e-01(4.7152e-01) 4.8222e-01(-2.9802e-01)
 7.2906e-12(-1.0772e-02) 3.2650e-01(4.8436e-01) 4.9505e-01(-3.2644e-01)
 7.2759e-12(-1.0761e-02) 3.5848e-01(4.9650e-01) 5.0718e-01(-3.5843e-01)
 7.2611e-12(-1.0750e-02) 3.9446e-01(5.0743e-01) 5.1811e-01(-3.9441e-01)
 7.2464e-12(-1.0739e-02) 4.3488e-01(5.1648e-01) 5.2716e-01(-4.3482e-01)
 7.2318e-12(-1.0728e-02) 4.8013e-01(5.2278e-01) 5.3345e-01(-4.8008e-01)
 7.2172e-12(-1.0718e-02) 5.3054e-01(5.2518e-01) 5.3585e-01(-5.3049e-01)
 7.2026e-12(-1.0707e-02) 5.8623e-01(5.2226e-01) 5.3291e-01(-5.8618e-01)
 7.1881e-12(-1.0696e-02) 6.4700e-01(5.1225e-01) 5.2290e-01(-6.4694e-01)
 7.1736e-12(-1.0685e-02) 7.1213e-01(4.9315e-01) 5.0380e-01(-7.1208e-01)
 7.1592e-12(-1.0674e-02) 7.8020e-01(4.6278e-01) 4.7342e-01(-7.8014e-01)
 7.1448e-12(-1.0664e-02) 8.4885e-01(4.1909e-01) 4.2973e-01(-8.4880e-01)
 7.1305e-12(-1.0653e-02) 9.1471e-01(3.6056e-01) 3.7119e-01(-9.1466e-01)
 7.1162e-12(-1.0642e-02) 9.7345e-01(2.8671e-01) 2.9734e-01(-9.7340e-01)
 7.1019e-12(-1.0632e-02) 1.0203e+00(1.9873e-01) 2.0936e-01(-1.0202e+00)
 7.0877e-12(-1.0621e-02) 1.0506e+00(9.9745e-02) 1.1036e-01(-1.0505e+00)
 7.0736e-12(-1.0610e-02) 1.0611e+00(-5.3048e-03) 5.3053e-03(-1.0610e+00)
